Number,x1,y1,x2,y2
0,0,0,10146,9979
1,0,9979,10146,20000
2,10146,0,20000,9979
3,10146,9979,15317,14920
4,10146,14920,15317,20000
5,15317,9979,20000,14920
6,15317,14920,17351,17108
7,15317,17108,17351,20000
8,17351,14920,20000,17108
9,17351,17108,18603,18689
10,17351,18689,18603,20000
11,18603,17108,20000,18689
12,18603,18689,19574,18949
13,18603,18949,19574,20000
14,19574,18689,20000,18949
15,15317,14920,16418,15801
16,15317,15801,16418,17108
17,16418,14920,17351,15801
18,17351,17108,17939,17613
19,17351,17613,17939,18689
20,17939,17108,18603,17613
21,10146,9979,12774,12331
22,10146,12331,12774,14920
23,12774,9979,15317,12331
24,15317,15801,15564,16467
25,15317,16467,15564,17108
26,15564,15801,16418,16467
27,0,0,5395,5223
28,0,5223,5395,9979
29,5395,0,10146,5223
30,18603,17108,19581,17597
31,18603,17597,19581,18689
32,19581,17108,20000,17597
33,10146,0,14799,4623
34,10146,4623,14799,9979
35,14799,0,20000,4623
36,0,0,5195,5234
37,0,5234,5195,9979
38,5195,0,10146,5234
39,5395,0,7640,2255
40,5395,2255,7640,5223
41,7640,0,10146,2255
42,10146,0,15193,5102
43,10146,5102,15193,9979
44,15193,0,20000,5102
45,0,0,2858,2439
46,0,2439,2858,5234
47,2858,0,5195,2439
48,5395,2255,6846,3862
49,5395,3862,6846,5223
50,6846,2255,7640,3862
51,5395,2255,6303,3427
52,5395,3427,6303,3862
53,6303,2255,6846,3427
54,10146,5102,12507,7367
55,10146,7367,12507,9979
56,12507,5102,15193,7367
57,17351,17108,17853,17834
58,17351,17834,17853,18689
59,17853,17108,18603,17834
60,0,0,1154,1187
61,0,1187,1154,2439
62,1154,0,2858,1187
63,0,0,329,261
64,0,261,329,1187
65,329,0,1154,261
66,15317,15801,16113,16153
67,15317,16153,16113,17108
68,16113,15801,16418,16153
69,5195,0,7324,3005
70,5195,3005,7324,5234
71,7324,0,10146,3005
72,12774,9979,14339,10891
73,12774,10891,14339,12331
74,14339,9979,15317,10891
75,10146,9979,12983,12387
76,10146,12387,12983,14920
77,12983,9979,15317,12387
78,10146,0,12788,2380
79,10146,2380,12788,5102
80,12788,0,15193,2380
81,10146,4623,12394,7441
82,10146,7441,12394,9979
83,12394,4623,14799,7441
84,5395,0,6425,1481
85,5395,1481,6425,2255
86,6425,0,7640,1481
87,0,5223,2369,7815
88,0,7815,2369,9979
89,2369,5223,5395,7815
90,17351,14920,18623,16135
91,17351,16135,18623,17108
92,18623,14920,20000,16135
93,18623,14920,19383,15518
94,18623,15518,19383,16135
95,19383,14920,20000,15518
96,0,1187,890,1773
97,0,1773,890,2439
98,890,1187,1154,1773
99,17351,14920,18649,16318
100,17351,16318,18649,17108
101,18649,14920,20000,16318
102,0,1187,348,2023
103,0,2023,348,2439
104,348,1187,1154,2023
105,5395,3862,5921,4620
106,5395,4620,5921,5223
107,5921,3862,6846,4620
108,14799,0,17490,2052
109,14799,2052,17490,4623
110,17490,0,20000,2052
111,5395,0,5732,453
112,5395,453,5732,1481
113,5732,0,6425,453
114,7640,0,8673,1090
115,7640,1090,8673,2255
116,8673,0,10146,1090
117,0,7815,1429,8552
118,0,8552,1429,9979
119,1429,7815,2369,8552
120,12394,4623,13757,5949
121,12394,5949,13757,7441
122,13757,4623,14799,5949
123,5395,2255,6090,3380
124,5395,3380,6090,3862
125,6090,2255,6846,3380
126,0,8552,342,9552
127,0,9552,342,9979
128,342,8552,1429,9552
129,5195,0,7460,2694
130,5195,2694,7460,5234
131,7460,0,10146,2694
132,15317,15801,15637,16471
133,15317,16471,15637,17108
134,15637,15801,16418,16471
135,0,5234,2693,7424
136,0,7424,2693,9979
137,2693,5234,5195,7424
138,5195,3005,6342,4458
139,5195,4458,6342,5234
140,6342,3005,7324,4458
141,15317,17108,16218,18174
142,15317,18174,16218,20000
143,16218,17108,17351,18174
144,0,0,2486,2568
145,0,2568,2486,5223
146,2486,0,5395,2568
147,17351,18689,18104,19653
148,17351,19653,18104,20000
149,18104,18689,18603,19653
150,12774,10891,13689,11588
151,12774,11588,13689,12331
152,13689,10891,14339,11588
153,0,5234,2341,7498
154,0,7498,2341,9979
155,2341,5234,5195,7498
156,5395,0,6646,1026
157,5395,1026,6646,2255
158,6646,0,7640,1026
159,10146,5102,12773,7834
160,10146,7834,12773,9979
161,12773,5102,15193,7834
162,10146,0,12830,2605
163,10146,2605,12830,5102
164,12830,0,15193,2605
165,17351,17108,18322,17933
166,17351,17933,18322,18689
167,18322,17108,18603,17933
168,2486,0,4040,1458
169,2486,1458,4040,2568
170,4040,0,5395,1458
171,15317,9979,17702,12189
172,15317,12189,17702,14920
173,17702,9979,20000,12189
174,15317,17108,16551,18393
175,15317,18393,16551,20000
176,16551,17108,17351,18393
177,7640,1090,8019,1920
178,7640,1920,8019,2255
179,8019,1090,8673,1920
180,5195,3005,5681,3755
181,5195,3755,5681,4458
182,5681,3005,6342,3755
183,5195,3005,6550,4177
184,5195,4177,6550,5234
185,6550,3005,7324,4177
186,8673,0,9788,796
187,8673,796,9788,1090
188,9788,0,10146,796
189,1154,0,2056,837
190,1154,837,2056,1187
191,2056,0,2858,837
192,0,0,1460,1143
193,0,1143,1460,2439
194,1460,0,2858,1143
195,10146,7834,11747,9162
196,10146,9162,11747,9979
197,11747,7834,12773,9162
198,17351,14920,17716,15664
199,17351,15664,17716,16135
200,17716,14920,18623,15664
201,0,0,816,512
202,0,512,816,1187
203,816,0,1154,512
204,5395,0,7858,2710
205,5395,2710,7858,5223
206,7858,0,10146,2710
207,14799,0,16425,975
208,14799,975,16425,2052
209,16425,0,17490,975
210,0,7498,1124,8583
211,0,8583,1124,9979
212,1124,7498,2341,8583
213,0,5223,1040,6655
214,0,6655,1040,7815
215,1040,5223,2369,6655
216,17490,0,18411,1238
217,17490,1238,18411,2052
218,18411,0,20000,1238
219,10146,0,11436,910
220,10146,910,11436,2380
221,11436,0,12788,910
222,0,0,1489,1403
223,0,1403,1489,2568
224,1489,0,2486,1403
225,12983,9979,14288,11442
226,12983,11442,14288,12387
227,14288,9979,15317,11442
228,1040,5223,1441,5694
229,1040,5694,1441,6655
230,1441,5223,2369,5694
231,5395,2255,6316,3011
232,5395,3011,6316,3862
233,6316,2255,6846,3011
234,15317,9979,17898,12124
235,15317,12124,17898,14920
236,17898,9979,20000,12124
237,10146,5102,11531,6492
238,10146,6492,11531,7367
239,11531,5102,12507,6492
240,0,5223,824,6485
241,0,6485,824,7815
242,824,5223,2369,6485
243,1460,0,2238,785
244,1460,785,2238,1143
245,2238,0,2858,785
246,12774,10891,13366,11420
247,12774,11420,13366,12331
248,13366,10891,14339,11420
249,17702,9979,18906,10891
250,17702,10891,18906,12189
251,18906,9979,20000,10891
252,8673,0,9084,289
253,8673,289,9084,1090
254,9084,0,10146,289
255,0,1403,658,1890
256,0,1890,658,2568
257,658,1403,1489,1890
258,5395,0,6292,1378
259,5395,1378,6292,2710
260,6292,0,7858,1378
261,0,8552,571,9426
262,0,9426,571,9979
263,571,8552,1429,9426
264,10146,5102,11023,6130
265,10146,6130,11023,7367
266,11023,5102,12507,6130
267,12394,4623,12873,5504
268,12394,5504,12873,5949
269,12873,4623,13757,5504
270,10146,7367,11722,8315
271,10146,8315,11722,9979
272,11722,7367,12507,8315
273,0,5234,1353,6149
274,0,6149,1353,7498
275,1353,5234,2341,6149
276,10146,9979,11390,11352
277,10146,11352,11390,12387
278,11390,9979,12983,11352
279,12773,5102,13852,6137
280,12773,6137,13852,7834
281,13852,5102,15193,6137
282,10146,0,12958,2600
283,10146,2600,12958,5102
284,12958,0,15193,2600
285,2486,0,3750,1561
286,2486,1561,3750,2568
287,3750,0,5395,1561
288,12507,5102,14075,6234
289,12507,6234,14075,7367
290,14075,5102,15193,6234
291,10146,12387,11829,13716
292,10146,13716,11829,14920
293,11829,12387,12983,13716
294,17351,14920,17755,15632
295,17351,15632,17755,16135
296,17755,14920,18623,15632
297,0,7815,949,8589
298,0,8589,949,9979
299,949,7815,2369,8589
300,5395,3862,6440,4174
301,5395,4174,6440,5223
302,6440,3862,6846,4174
303,5395,0,6752,1421
304,5395,1421,6752,2710
305,6752,0,7858,1421
306,10146,2605,11495,3816
307,10146,3816,11495,5102
308,11495,2605,12830,3816
309,15317,15801,15831,16710
310,15317,16710,15831,17108
311,15831,15801,16418,16710
312,0,0,1085,523
313,0,523,1085,1143
314,1085,0,1460,523
315,3750,0,4347,496
316,3750,496,4347,1561
317,4347,0,5395,496
318,14288,9979,14748,10375
319,14288,10375,14748,11442
320,14748,9979,15317,10375
321,13852,5102,14446,5964
322,13852,5964,14446,6137
323,14446,5102,15193,5964
324,10146,11352,10878,11866
325,10146,11866,10878,12387
326,10878,11352,11390,11866
327,5195,3005,5572,3865
328,5195,3865,5572,4177
329,5572,3005,6550,3865
330,5195,0,6686,977
331,5195,977,6686,2694
332,6686,0,7460,977
333,10146,9979,10590,10279
334,10146,10279,10590,11352
335,10590,9979,11390,10279
336,10146,7834,10636,8474
337,10146,8474,10636,9162
338,10636,7834,11747,8474
339,10146,2605,10603,3074
340,10146,3074,10603,3816
341,10603,2605,11495,3074
342,15193,0,17481,2920
343,15193,2920,17481,5102
344,17481,0,20000,2920
345,7324,0,8943,1741
346,7324,1741,8943,3005
347,8943,0,10146,1741
348,10146,5102,11275,6282
349,10146,6282,11275,7834
350,11275,5102,12773,6282
351,10146,5102,12542,7826
352,10146,7826,12542,9979
353,12542,5102,15193,7826
354,0,0,381,652
355,0,652,381,1143
356,381,0,1460,652
357,12958,0,13936,1554
358,12958,1554,13936,2600
359,13936,0,15193,1554
360,10146,5102,10648,5458
361,10146,5458,10648,6492
362,10648,5102,11531,5458
363,1124,7498,1869,7687
364,1124,7687,1869,8583
365,1869,7498,2341,7687
366,10146,3816,11162,4442
367,10146,4442,11162,5102
368,11162,3816,11495,4442
369,15193,0,17705,2161
370,15193,2161,17705,5102
371,17705,0,20000,2161
372,12773,5102,13037,5405
373,12773,5405,13037,6137
374,13037,5102,13852,5405
375,18623,14920,19045,15740
376,18623,15740,19045,16135
377,19045,14920,20000,15740
378,11023,5102,11726,5335
379,11023,5335,11726,6130
380,11726,5102,12507,5335
381,12830,0,14022,1459
382,12830,1459,14022,2605
383,14022,0,15193,1459
384,15193,0,16536,1541
385,15193,1541,16536,2920
386,16536,0,17481,1541
387,5395,0,7956,2501
388,5395,2501,7956,5223
389,7956,0,10146,2501
390,13852,5102,14248,5879
391,13852,5879,14248,6137
392,14248,5102,15193,5879
393,10146,12387,11620,13292
394,10146,13292,11620,14920
395,11620,12387,12983,13292
396,7640,0,8146,176
397,7640,176,8146,1090
398,8146,0,8673,176
399,10146,910,10857,1360
400,10146,1360,10857,2380
401,10857,910,11436,1360
402,10146,7367,11354,8635
403,10146,8635,11354,9979
404,11354,7367,12507,8635
405,7956,0,8695,1284
406,7956,1284,8695,2501
407,8695,0,10146,1284
408,0,7815,1501,9186
409,0,9186,1501,9979
410,1501,7815,2369,9186
411,10146,0,11363,1406
412,10146,1406,11363,2380
413,11363,0,12788,1406
414,2486,1561,3135,2086
415,2486,2086,3135,2568
416,3135,1561,3750,2086
417,0,0,370,666
418,0,666,370,1143
419,370,0,1460,666
420,0,7815,364,8549
421,0,8549,364,9186
422,364,7815,1501,8549
423,15317,9979,16865,10665
424,15317,10665,16865,12124
425,16865,9979,17898,10665
426,12830,0,13870,1112
427,12830,1112,13870,2605
428,13870,0,15193,1112
429,12394,4623,13904,6313
430,12394,6313,13904,7441
431,13904,4623,14799,6313
432,13870,0,14505,156
433,13870,156,14505,1112
434,14505,0,15193,156
435,10146,2600,11724,4033
436,10146,4033,11724,5102
437,11724,2600,12958,4033
438,2486,0,2881,740
439,2486,740,2881,1561
440,2881,0,3750,740
441,14799,2052,15929,3330
442,14799,3330,15929,4623
443,15929,2052,17490,3330
444,15317,9979,16272,10934
445,15317,10934,16272,12124
446,16272,9979,17898,10934
447,15317,14920,16172,16090
448,15317,16090,16172,17108
449,16172,14920,17351,16090
450,1154,0,1626,437
451,1154,437,1626,1187
452,1626,0,2858,437
453,5195,2694,6343,4241
454,5195,4241,6343,5234
455,6343,2694,7460,4241
456,10146,9979,12827,12457
457,10146,12457,12827,14920
458,12827,9979,15317,12457
459,5395,0,7485,2816
460,5395,2816,7485,5223
461,7485,0,10146,2816
462,0,1403,442,2006
463,0,2006,442,2568
464,442,1403,1489,2006
465,10146,0,11739,1373
466,10146,1373,11739,2380
467,11739,0,12788,1373
468,15193,2161,16196,3368
469,15193,3368,16196,5102
470,16196,2161,17705,3368
471,18411,0,19444,292
472,18411,292,19444,1238
473,19444,0,20000,292
474,12774,9979,13792,11035
475,12774,11035,13792,12331
476,13792,9979,15317,11035
477,0,5223,608,6330
478,0,6330,608,6655
479,608,5223,1040,6330
480,6425,0,7285,909
481,6425,909,7285,1481
482,7285,0,7640,909
483,0,5223,2985,7441
484,0,7441,2985,9979
485,2985,5223,5395,7441
486,0,7441,1843,8486
487,0,8486,1843,9979
488,1843,7441,2985,8486
489,5395,0,5727,1058
490,5395,1058,5727,1421
491,5727,0,6752,1058
492,15193,3368,15586,4394
493,15193,4394,15586,5102
494,15586,3368,16196,4394
495,5195,977,6179,1599
496,5195,1599,6179,2694
497,6179,977,6686,1599
498,0,0,212,502
499,0,502,212,1187
500,212,0,1154,502
501,10146,9979,11650,11059
502,10146,11059,11650,12457
503,11650,9979,12827,11059
504,10146,5102,11663,6355
505,10146,6355,11663,7367
506,11663,5102,12507,6355
507,14022,0,14314,383
508,14022,383,14314,1459
509,14314,0,15193,383
510,17481,0,18807,1363
511,17481,1363,18807,2920
512,18807,0,20000,1363
513,14799,2052,15711,2590
514,14799,2590,15711,3330
515,15711,2052,15929,2590
516,7640,0,8443,446
517,7640,446,8443,1090
518,8443,0,8673,446
519,17481,1363,18063,1835
520,17481,1835,18063,2920
521,18063,1363,18807,1835
522,17898,9979,19247,11163
523,17898,11163,19247,12124
524,19247,9979,20000,11163
525,0,7815,1434,8841
526,0,8841,1434,9979
527,1434,7815,2369,8841
528,10146,5102,11209,5799
529,10146,5799,11209,6492
530,11209,5102,11531,5799
531,10146,7367,11199,8551
532,10146,8551,11199,9979
533,11199,7367,12507,8551
534,15317,9979,16280,11439
535,15317,11439,16280,12124
536,16280,9979,17898,11439
537,10146,6355,11247,7209
538,10146,7209,11247,7367
539,11247,6355,11663,7209
540,2985,5223,4100,6119
541,2985,6119,4100,7441
542,4100,5223,5395,6119
543,11354,7367,11795,8396
544,11354,8396,11795,8635
545,11795,7367,12507,8396
546,1154,0,1613,379
547,1154,379,1613,1187
548,1613,0,2858,379
549,2369,5223,3659,6531
550,2369,6531,3659,7815
551,3659,5223,5395,6531
552,12788,0,14116,1429
553,12788,1429,14116,2380
554,14116,0,15193,1429
555,0,1143,864,1799
556,0,1799,864,2439
557,864,1143,1460,1799
558,17481,0,18517,789
559,17481,789,18517,1363
560,18517,0,18807,789
561,5195,0,7286,2586
562,5195,2586,7286,5234
563,7286,0,10146,2586
564,17481,0,17853,638
565,17481,638,17853,1363
566,17853,0,18807,638
567,10146,8635,10782,9193
568,10146,9193,10782,9979
569,10782,8635,11354,9193
570,0,1403,1140,1717
571,0,1717,1140,2568
572,1140,1403,1489,1717
573,10146,5102,10370,5529
574,10146,5529,10370,6282
575,10370,5102,11275,5529
576,10146,13292,10877,14323
577,10146,14323,10877,14920
578,10877,13292,11620,14323
579,10146,9979,12846,12089
580,10146,12089,12846,14920
581,12846,9979,15317,12089
582,7485,0,8749,1147
583,7485,1147,8749,2816
584,8749,0,10146,1147
585,15193,1541,16166,2332
586,15193,2332,16166,2920
587,16166,1541,16536,2332
588,5195,2694,6101,3803
589,5195,3803,6101,4241
590,6101,2694,6343,3803
591,15317,18393,15736,19582
592,15317,19582,15736,20000
593,15736,18393,16551,19582
594,5395,0,6486,1374
595,5395,1374,6486,2255
596,6486,0,7640,1374
597,10146,0,12704,2259
598,10146,2259,12704,5102
599,12704,0,15193,2259
600,12846,9979,14209,11219
601,12846,11219,14209,12089
602,14209,9979,15317,11219
603,0,2439,1762,3968
604,0,3968,1762,5234
605,1762,2439,2858,3968
606,5195,977,5928,1529
607,5195,1529,5928,2694
608,5928,977,6686,1529
609,12830,0,13779,1599
610,12830,1599,13779,2605
611,13779,0,15193,1599
612,10146,9979,11185,11417
613,10146,11417,11185,12089
614,11185,9979,12846,11417
615,11495,2605,12361,3294
616,11495,3294,12361,3816
617,12361,2605,12830,3294
618,13936,0,14401,811
619,13936,811,14401,1554
620,14401,0,15193,811
621,15317,17108,16188,18028
622,15317,18028,16188,18393
623,16188,17108,16551,18028
624,5395,0,5604,409
625,5395,409,5604,1374
626,5604,0,6486,409
627,10146,5102,11143,5873
628,10146,5873,11143,6492
629,11143,5102,11531,5873
630,0,8841,590,9274
631,0,9274,590,9979
632,590,8841,1434,9274
633,0,0,1102,295
634,0,295,1102,1143
635,1102,0,1460,295
636,12773,5102,13696,5335
637,12773,5335,13696,6137
638,13696,5102,13852,5335
639,5395,0,6741,1208
640,5395,1208,6741,2501
641,6741,0,7956,1208
642,10146,5102,10320,5952
643,10146,5952,10320,6282
644,10320,5102,11275,5952
645,1843,7441,2511,7953
646,1843,7953,2511,8486
647,2511,7441,2985,7953
648,5395,1421,6306,2184
649,5395,2184,6306,2710
650,6306,1421,6752,2184
651,10146,5102,10359,5438
652,10146,5438,10359,6282
653,10359,5102,11275,5438
654,10146,2380,11597,3984
655,10146,3984,11597,5102
656,11597,2380,12788,3984
657,0,7498,858,8990
658,0,8990,858,9979
659,858,7498,2341,8990
660,10146,2605,11157,4047
661,10146,4047,11157,5102
662,11157,2605,12830,4047
663,12774,10891,13474,11213
664,12774,11213,13474,12331
665,13474,10891,14339,11213
666,10146,5102,13025,7453
667,10146,7453,13025,9979
668,13025,5102,15193,7453
669,5395,0,5923,849
670,5395,849,5923,1421
671,5923,0,6752,849
672,7460,0,8920,1135
673,7460,1135,8920,2694
674,8920,0,10146,1135
675,5395,2255,5937,2728
676,5395,2728,5937,3862
677,5937,2255,6846,2728
678,10146,12331,11638,13310
679,10146,13310,11638,14920
680,11638,12331,12774,13310
681,0,5234,1041,6722
682,0,6722,1041,7498
683,1041,5234,2341,6722
684,5195,0,6500,1431
685,5195,1431,6500,2586
686,6500,0,7286,1431
687,0,7815,543,7978
688,0,7978,543,8841
689,543,7815,1434,7978
690,0,1143,450,1813
691,0,1813,450,2439
692,450,1143,1460,1813
693,0,0,1097,1214
694,0,1214,1097,2439
695,1097,0,2858,1214
696,5395,3862,6189,4888
697,5395,4888,6189,5223
698,6189,3862,6846,4888
699,12983,9979,14201,10803
700,12983,10803,14201,12387
701,14201,9979,15317,10803
702,824,5223,1556,6181
703,824,6181,1556,6485
704,1556,5223,2369,6181
705,12830,0,13713,1373
706,12830,1373,13713,2605
707,13713,0,15193,1373
708,17481,0,18323,794
709,17481,794,18323,1363
710,18323,0,18807,794
711,15317,15801,16214,16573
712,15317,16573,16214,17108
713,16214,15801,16418,16573
714,14799,3330,15450,3723
715,14799,3723,15450,4623
716,15450,3330,15929,3723
717,15193,0,15793,753
718,15193,753,15793,1541
719,15793,0,16536,753
720,0,2439,1154,3373
721,0,3373,1154,3968
722,1154,2439,1762,3373
723,10146,2605,10512,3095
724,10146,3095,10512,3816
725,10512,2605,11495,3095
726,10146,8551,10914,9242
727,10146,9242,10914,9979
728,10914,8551,11199,9242
729,15317,17108,16155,17444
730,15317,17444,16155,18393
731,16155,17108,16551,17444
732,12788,0,13687,905
733,12788,905,13687,2380
734,13687,0,15193,905
735,12983,9979,13938,11533
736,12983,11533,13938,12387
737,13938,9979,15317,11533
738,5395,0,6392,1295
739,5395,1295,6392,2710
740,6392,0,7858,1295
741,12958,0,14040,1008
742,12958,1008,14040,2600
743,14040,0,15193,1008
744,5395,0,6964,1319
745,5395,1319,6964,2710
746,6964,0,7858,1319
747,5195,4177,5754,4541
748,5195,4541,5754,5234
749,5754,4177,6550,4541
750,7640,0,7891,599
751,7640,599,7891,1090
752,7891,0,8673,599
753,5195,0,6194,965
754,5195,965,6194,1431
755,6194,0,6500,965
756,16280,9979,17194,10779
757,16280,10779,17194,11439
758,17194,9979,17898,10779
759,15317,9979,16637,11230
760,15317,11230,16637,12124
761,16637,9979,17898,11230
762,0,0,2292,2498
763,0,2498,2292,5234
764,2292,0,5195,2498
765,2486,1561,2830,2378
766,2486,2378,2830,2568
767,2830,1561,3750,2378
768,0,5234,2673,7223
769,0,7223,2673,9979
770,2673,5234,5195,7223
771,5395,0,6660,1183
772,5395,1183,6660,2255
773,6660,0,7640,1183
774,10146,0,10767,472
775,10146,472,10767,1373
776,10767,0,11739,472
777,6292,0,6864,755
778,6292,755,6864,1378
779,6864,0,7858,755
780,1097,0,1589,746
781,1097,746,1589,1214
782,1589,0,2858,746
783,6292,0,7124,986
784,6292,986,7124,1378
785,7124,0,7858,986
786,824,5223,1484,6120
787,824,6120,1484,6485
788,1484,5223,2369,6120
789,2486,1458,3402,1932
790,2486,1932,3402,2568
791,3402,1458,4040,1932
792,10146,12457,11372,13304
793,10146,13304,11372,14920
794,11372,12457,12827,13304
795,15317,9979,16926,11186
796,15317,11186,16926,12124
797,16926,9979,17898,11186
798,15317,12189,16345,13296
799,15317,13296,16345,14920
800,16345,12189,17702,13296
801,2486,0,3397,1068
802,2486,1068,3397,1458
803,3397,0,4040,1068
804,12958,0,13700,970
805,12958,970,13700,2600
806,13700,0,15193,970
807,12774,9979,13372,10227
808,12774,10227,13372,11035
809,13372,9979,13792,10227
810,7485,0,9139,1111
811,7485,1111,9139,2816
812,9139,0,10146,1111
813,11275,5102,12297,5336
814,11275,5336,12297,6282
815,12297,5102,12773,5336
816,13713,0,14085,783
817,13713,783,14085,1373
818,14085,0,15193,783
819,14799,0,17601,2056
820,14799,2056,17601,4623
821,17601,0,20000,2056
822,10146,2600,11316,2982
823,10146,2982,11316,4033
824,11316,2600,11724,2982
825,12788,0,13765,863
826,12788,863,13765,1429
827,13765,0,14116,863
828,10146,8315,10743,9329
829,10146,9329,10743,9979
830,10743,8315,11722,9329
831,11023,5102,11482,5828
832,11023,5828,11482,6130
833,11482,5102,12507,5828
834,0,1403,627,2093
835,0,2093,627,2568
836,627,1403,1489,2093
837,11023,5102,11945,5837
838,11023,5837,11945,6130
839,11945,5102,12507,5837
840,2486,0,3734,1003
841,2486,1003,3734,2568
842,3734,0,5395,1003
843,1124,7498,1696,7975
844,1124,7975,1696,8583
845,1696,7498,2341,7975
846,5195,1431,5825,2005
847,5195,2005,5825,2586
848,5825,1431,6500,2005
849,10146,4033,10772,4204
850,10146,4204,10772,5102
851,10772,4033,11724,4204
852,5395,1319,5819,2183
853,5395,2183,5819,2710
854,5819,1319,6964,2183
855,16172,14920,16565,15304
856,16172,15304,16565,16090
857,16565,14920,17351,15304
858,15317,9979,16444,11136
859,15317,11136,16444,12124
860,16444,9979,17898,11136
861,824,5223,1958,5619
862,824,5619,1958,6485
863,1958,5223,2369,5619
864,2486,1561,3104,2137
865,2486,2137,3104,2568
866,3104,1561,3750,2137
867,10146,9979,11599,11079
868,10146,11079,11599,12457
869,11599,9979,12827,11079
870,0,0,1725,1015
871,0,1015,1725,2439
872,1725,0,2858,1015
873,10146,910,10589,1555
874,10146,1555,10589,2380
875,10589,910,11436,1555
876,10146,5102,12979,7923
877,10146,7923,12979,9979
878,12979,5102,15193,7923
879,2985,5223,4288,6700
880,2985,6700,4288,7441
881,4288,5223,5395,6700
882,10146,5102,11566,6774
883,10146,6774,11566,7826
884,11566,5102,12542,6774
885,10146,12387,11215,13805
886,10146,13805,11215,14920
887,11215,12387,12983,13805
888,5395,0,6229,810
889,5395,810,6229,1183
890,6229,0,6660,810
891,7640,0,8495,717
892,7640,717,8495,1090
893,8495,0,8673,717
894,10146,5102,11170,6074
895,10146,6074,11170,7826
896,11170,5102,12542,6074
897,10146,6774,11143,7556
898,10146,7556,11143,7826
899,11143,6774,11566,7556
900,7324,0,7751,621
901,7324,621,7751,1741
902,7751,0,8943,621
903,6741,0,7598,973
904,6741,973,7598,1208
905,7598,0,7956,973
906,10146,9979,11117,10995
907,10146,10995,11117,12331
908,11117,9979,12774,10995
909,12983,10803,13452,11718
910,12983,11718,13452,12387
911,13452,10803,14201,11718
912,0,1403,440,2016
913,0,2016,440,2568
914,440,1403,1489,2016
915,15317,9979,17394,12728
916,15317,12728,17394,14920
917,17394,9979,20000,12728
918,2693,5234,4092,6650
919,2693,6650,4092,7424
920,4092,5234,5195,6650
921,0,0,5302,4993
922,0,4993,5302,9979
923,5302,0,10146,4993
924,14799,0,16322,1223
925,14799,1223,16322,2056
926,16322,0,17601,1223
927,2486,1003,3264,1612
928,2486,1612,3264,2568
929,3264,1003,3734,1612
930,15317,9979,15967,11677
931,15317,11677,15967,12728
932,15967,9979,17394,11677
933,7485,0,8421,463
934,7485,463,8421,1147
935,8421,0,8749,463
936,7324,0,8319,1211
937,7324,1211,8319,1741
938,8319,0,8943,1211
939,2858,0,4022,1158
940,2858,1158,4022,2439
941,4022,0,5195,1158
942,14799,2052,15588,2969
943,14799,2969,15588,3330
944,15588,2052,15929,2969
945,7858,0,8944,1621
946,7858,1621,8944,2710
947,8944,0,10146,1621
948,10146,13805,11066,14680
949,10146,14680,11066,14920
950,11066,13805,11215,14680
951,16218,17108,16997,17822
952,16218,17822,16997,18174
953,16997,17108,17351,17822
954,12983,10803,13202,11634
955,12983,11634,13202,12387
956,13202,10803,14201,11634
957,5395,2501,6332,3502
958,5395,3502,6332,5223
959,6332,2501,7956,3502
960,15193,0,16053,376
961,15193,376,16053,1541
962,16053,0,16536,376
963,2486,0,3899,1474
964,2486,1474,3899,2568
965,3899,0,5395,1474
966,10146,8315,10744,9518
967,10146,9518,10744,9979
968,10744,8315,11722,9518
969,12704,0,14040,1360
970,12704,1360,14040,2259
971,14040,0,15193,1360
972,14799,2052,16127,3662
973,14799,3662,16127,4623
974,16127,2052,17490,3662
975,2369,5223,3321,5952
976,2369,5952,3321,6531
977,3321,5223,3659,5952
978,10146,8635,10668,9165
979,10146,9165,10668,9979
980,10668,8635,11354,9165
981,10146,8635,10721,9106
982,10146,9106,10721,9979
983,10721,8635,11354,9106
984,16444,9979,17128,10789
985,16444,10789,17128,11136
986,17128,9979,17898,10789
987,3734,0,4682,249
988,3734,249,4682,1003
989,4682,0,5395,249
990,12983,9979,14030,10436
991,12983,10436,14030,11442
992,14030,9979,14288,10436
993,2486,0,2904,733
994,2486,733,2904,1474
995,2904,0,3899,733
996,10146,7826,11570,9154
997,10146,9154,11570,9979
998,11570,7826,12542,9154
999,5195,4177,5506,4407
1000,5195,4407,5506,5234
1001,5506,4177,6550,4407
1002,11650,9979,12037,10515
1003,11650,10515,12037,11059
1004,12037,9979,12827,10515
1005,16637,9979,16944,10309
1006,16637,10309,16944,11230
1007,16944,9979,17898,10309
1008,3899,0,4644,818
1009,3899,818,4644,1474
1010,4644,0,5395,818
1011,10146,5102,11843,6836
1012,10146,6836,11843,7834
1013,11843,5102,12773,6836
1014,5395,0,8094,2494
1015,5395,2494,8094,5223
1016,8094,0,10146,2494
1017,2486,1561,2790,1923
1018,2486,1923,2790,2568
1019,2790,1561,3750,1923
1020,5195,0,6121,1631
1021,5195,1631,6121,3005
1022,6121,0,7324,1631
1023,7858,0,9340,1586
1024,7858,1586,9340,2710
1025,9340,0,10146,1586
1026,14040,0,14814,760
1027,14040,760,14814,1008
1028,14814,0,15193,760
1029,14040,0,14345,491
1030,14040,491,14345,1360
1031,14345,0,15193,491
1032,5395,1208,6039,2154
1033,5395,2154,6039,2501
1034,6039,1208,6741,2154
1035,7956,0,8795,1160
1036,7956,1160,8795,2501
1037,8795,0,10146,1160
1038,11599,9979,12539,10283
1039,11599,10283,12539,11079
1040,12539,9979,12827,10283
1041,8749,0,9313,527
1042,8749,527,9313,1147
1043,9313,0,10146,527
1044,14022,0,14631,560
1045,14022,560,14631,1459
1046,15317,14920,16245,16123
1047,15317,16123,16245,17108
1048,16245,14920,17351,16123
1049,17702,10891,18520,11228
1050,17702,11228,18520,12189
1051,18520,10891,18906,11228
1052,13757,4623,14492,4957
1053,13757,4957,14492,5949
1054,14492,4623,14799,4957
1055,12788,0,14135,986
1056,12788,986,14135,2380
1057,14135,0,15193,986
1058,2486,1003,3416,2142
1059,2486,2142,3416,2568
1060,3416,1003,3734,2142
1061,16637,9979,16914,10298
1062,16637,10298,16914,11230
1063,16914,9979,17898,10298
1064,10146,8315,10663,9413
1065,10146,9413,10663,9979
1066,10663,8315,11722,9413
1067,8943,0,9445,647
1068,8943,647,9445,1741
1069,9445,0,10146,647
1070,0,7498,351,8286
1071,0,8286,351,8583
1072,351,7498,1124,8286
1073,7460,0,7849,341
1074,7460,341,7849,1135
1075,7849,0,8920,341
1076,16637,9979,17424,10304
1077,16637,10304,17424,11230
1078,17424,9979,17898,10304
1079,2693,5234,3328,5668
1080,2693,5668,3328,6650
1081,3328,5234,4092,5668
1082,7460,0,8304,758
1083,7460,758,8304,1135
1084,8304,0,8920,758
1085,12773,6137,13645,7092
1086,12773,7092,13645,7834
1087,13645,6137,13852,7092
1088,12507,5102,13479,5874
1089,12507,5874,13479,7367
1090,13479,5102,15193,5874
1091,0,1187,389,1519
1092,0,1519,389,2439
1093,389,1187,1154,1519
1094,0,7223,1672,8321
1095,0,8321,1672,9979
1096,1672,7223,2673,8321
1097,0,7223,1002,7677
1098,0,7677,1002,8321
1099,1002,7223,1672,7677
1100,11599,9979,12613,10509
1101,11599,10509,12613,11079
1102,12613,9979,12827,10509
1103,2486,0,3122,601
1104,2486,601,3122,1458
1105,3122,0,4040,601
1106,5395,0,8073,2462
1107,5395,2462,8073,5223
1108,8073,0,10146,2462
1109,5395,0,6543,680
1110,5395,680,6543,1319
1111,6543,0,6964,680
1112,10146,2605,11537,4090
1113,10146,4090,11537,5102
1114,11537,2605,12830,4090
1115,2486,0,2889,415
1116,2486,415,2889,1561
1117,2889,0,3750,415
1118,17898,9979,18698,10937
1119,17898,10937,18698,12124
1120,18698,9979,20000,10937
1121,10146,13304,11127,14372
1122,10146,14372,11127,14920
1123,11127,13304,11372,14372
1124,2858,1158,3175,1990
1125,2858,1990,3175,2439
1126,3175,1158,4022,1990
1127,17481,0,18126,914
1128,17481,914,18126,1363
1129,18126,0,18807,914
1130,13938,9979,14715,10636
1131,13938,10636,14715,11533
1132,14715,9979,15317,10636
1133,7858,1586,8558,2545
1134,7858,2545,8558,2710
1135,8558,1586,9340,2545
1136,12846,9979,13891,10693
1137,12846,10693,13891,12089
1138,13891,9979,15317,10693
1139,10146,5102,11410,5920
1140,10146,5920,11410,7367
1141,11410,5102,12507,5920
1142,14288,9979,14845,10449
1143,14288,10449,14845,11442
1144,14845,9979,15317,10449
1145,10146,12457,11745,13982
1146,10146,13982,11745,14920
1147,11745,12457,12827,13982
1148,6425,0,6663,805
1149,6425,805,6663,1481
1150,6663,0,7640,805
1151,0,9979,5022,14652
1152,0,14652,5022,20000
1153,5022,9979,10146,14652
1154,5195,4177,5867,4431
1155,5195,4431,5867,5234
1156,5867,4177,6550,4431
1157,12983,10436,13750,11010
1158,12983,11010,13750,11442
1159,13750,10436,14030,11010
1160,0,1403,468,2085
1161,0,2085,468,2568
1162,468,1403,1489,2085
1163,8944,0,9526,531
1164,8944,531,9526,1621
1165,9526,0,10146,531
1166,12830,0,13881,1046
1167,12830,1046,13881,2605
1168,13881,0,15193,1046
1169,10146,5102,11795,6298
1170,10146,6298,11795,7453
1171,11795,5102,13025,6298
1172,14799,2052,15524,2416
1173,14799,2416,15524,3330
1174,15524,2052,15929,2416
1175,6425,0,6795,765
1176,6425,765,6795,1481
1177,6795,0,7640,765
1178,0,5234,2762,7398
1179,0,7398,2762,9979
1180,2762,5234,5195,7398
1181,10146,8551,10662,8959
1182,10146,8959,10662,9979
1183,10662,8551,11199,8959
1184,2486,0,3457,727
1185,2486,727,3457,1561
1186,3457,0,3750,727
1187,15317,12189,16127,13109
1188,15317,13109,16127,13296
1189,16127,12189,16345,13109
1190,0,0,479,873
1191,0,873,479,1015
1192,479,0,1725,873
1193,15317,15801,15849,16758
1194,15317,16758,15849,17108
1195,15849,15801,16418,16758
1196,5395,0,5673,735
1197,5395,735,5673,1374
1198,5673,0,6486,735
1199,15317,12728,16520,13595
1200,15317,13595,16520,14920
1201,16520,12728,17394,13595
1202,7324,0,7938,856
1203,7324,856,7938,1741
1204,7938,0,8943,856
1205,17351,14920,17907,15335
1206,17351,15335,17907,16318
1207,17907,14920,18649,15335
1208,10146,8315,11266,9107
1209,10146,9107,11266,9979
1210,11266,8315,11722,9107
1211,5395,2255,5770,3389
1212,5395,3389,5770,3862
1213,5770,2255,6846,3389
1214,5195,3005,6180,3891
1215,5195,3891,6180,4177
1216,6180,3005,6550,3891
1217,2369,5223,3837,6566
1218,2369,6566,3837,7815
1219,3837,5223,5395,6566
1220,15317,12189,15838,13019
1221,15317,13019,15838,13296
1222,15838,12189,16345,13019
1223,12830,0,13154,462
1224,12830,462,13154,1112
1225,13154,0,13870,462
1226,15193,3368,15787,4035
1227,15193,4035,15787,5102
1228,15787,3368,16196,4035
1229,10146,8635,10871,9490
1230,10146,9490,10871,9979
1231,10871,8635,11354,9490
1232,0,9979,2730,12245
1233,0,12245,2730,14652
1234,2730,9979,5022,12245
1235,2486,0,3683,1506
1236,2486,1506,3683,2568
1237,3683,0,5395,1506
1238,5195,3005,6071,3721
1239,5195,3721,6071,4177
1240,6071,3005,6550,3721
1241,14799,0,15510,594
1242,14799,594,15510,1223
1243,15510,0,16322,594
1244,12774,10891,13905,11959
1245,12774,11959,13905,12331
1246,13905,10891,14339,11959
1247,15317,18393,16248,19305
1248,15317,19305,16248,20000
1249,16248,18393,16551,19305
1250,12507,5102,12903,5842
1251,12507,5842,12903,6234
1252,12903,5102,14075,5842
1253,12846,9979,14431,11029
1254,12846,11029,14431,12089
1255,14431,9979,15317,11029
1256,2985,6119,3550,7117
1257,2985,7117,3550,7441
1258,3550,6119,4100,7117
1259,16637,9979,17660,10659
1260,16637,10659,17660,11230
1261,17660,9979,17898,10659
1262,11597,2380,12460,3320
1263,11597,3320,12460,3984
1264,12460,2380,12788,3320
1265,0,1403,659,2279
1266,0,2279,659,2568
1267,659,1403,1489,2279
1268,12827,9979,14103,11599
1269,12827,11599,14103,12457
1270,14103,9979,15317,11599
1271,5395,1421,6421,1966
1272,5395,1966,6421,2710
1273,6421,1421,6752,1966
1274,12846,9979,13245,10739
1275,12846,10739,13245,11219
1276,13245,9979,14209,10739
1277,14799,0,16124,861
1278,14799,861,16124,2052
1279,16124,0,17490,861
1280,13779,0,14496,506
1281,13779,506,14496,1599
1282,14496,0,15193,506
1283,0,9979,2358,11948
1284,0,11948,2358,14652
1285,2358,9979,5022,11948
1286,5395,2501,7022,3918
1287,5395,3918,7022,5223
1288,7022,2501,7956,3918
1289,2369,5223,2922,6158
1290,2369,6158,2922,6531
1291,2922,5223,3659,6158
1292,5395,3862,6063,4793
1293,5395,4793,6063,5223
1294,6063,3862,6846,4793
1295,10146,5102,11702,6463
1296,10146,6463,11702,7923
1297,11702,5102,12979,6463
1298,10146,9979,11662,11389
1299,10146,11389,11662,12457
1300,11662,9979,12827,11389
1301,10146,2605,10655,2811
1302,10146,2811,10655,3816
1303,10655,2605,11495,2811
1304,1460,0,2540,202
1305,1460,202,2540,1143
1306,2540,0,2858,202
1307,8944,0,9303,790
1308,8944,790,9303,1621
1309,9303,0,10146,790
1310,6121,0,6489,1083
1311,6121,1083,6489,1631
1312,6489,0,7324,1083
1313,10146,0,11232,1285
1314,10146,1285,11232,2380
1315,11232,0,12788,1285
1316,5195,3005,6607,3829
1317,5195,3829,6607,5234
1318,6607,3005,7324,3829
1319,12830,1112,13049,1855
1320,12830,1855,13049,2605
1321,13049,1112,13870,1855
1322,11745,12457,12155,13263
1323,11745,13263,12155,13982
1324,12155,12457,12827,13263
1325,12958,1008,13591,1540
1326,12958,1540,13591,2600
1327,13591,1008,14040,1540
1328,10146,12387,11041,13438
1329,10146,13438,11041,13805
1330,11041,12387,11215,13438
1331,15317,9979,16267,10884
1332,15317,10884,16267,11186
1333,16267,9979,16926,10884
1334,2358,9979,3615,11224
1335,2358,11224,3615,11948
1336,3615,9979,5022,11224
1337,12788,0,13643,954
1338,12788,954,13643,1429
1339,13643,0,14116,954
1340,11215,12387,12171,13218
1341,11215,13218,12171,13805
1342,12171,12387,12983,13218
1343,12983,9979,13240,10757
1344,12983,10757,13240,11442
1345,13240,9979,14288,10757
1346,0,1015,557,2059
1347,0,2059,557,2439
1348,557,1015,1725,2059
1349,15193,0,16075,1598
1350,15193,1598,16075,2920
1351,16075,0,17481,1598
1352,15317,9979,15642,10697
1353,15317,10697,15642,11230
1354,15642,9979,16637,10697
1355,13936,0,14720,582
1356,13936,582,14720,1554
1357,14720,0,15193,582
1358,14799,861,15161,1619
1359,14799,1619,15161,2052
1360,15161,861,16124,1619
1361,14799,0,16500,1110
1362,14799,1110,16500,2052
1363,16500,0,17490,1110
1364,11157,2605,12230,3230
1365,11157,3230,12230,4047
1366,12230,2605,12830,3230
1367,5195,0,6512,1137
1368,5195,1137,6512,2694
1369,6512,0,7460,1137
1370,8073,0,8798,1564
1371,8073,1564,8798,2462
1372,8798,0,10146,1564
1373,0,7498,1440,8473
1374,0,8473,1440,9979
1375,1440,7498,2341,8473
1376,12704,0,13302,718
1377,12704,718,13302,1360
1378,13302,0,14040,718
1379,0,0,1063,884
1380,0,884,1063,1143
1381,1063,0,1460,884
1382,10146,6463,10697,7143
1383,10146,7143,10697,7923
1384,10697,6463,11702,7143
1385,15193,2161,16719,3784
1386,15193,3784,16719,5102
1387,16719,2161,17705,3784
1388,10146,8315,10631,9335
1389,10146,9335,10631,9979
1390,10631,8315,11722,9335
1391,10146,9979,11843,11085
1392,10146,11085,11843,12457
1393,11843,9979,12827,11085
1394,12507,6234,13659,6994
1395,12507,6994,13659,7367
1396,13659,6234,14075,6994
1397,2486,1458,3384,2105
1398,2486,2105,3384,2568
1399,3384,1458,4040,2105
1400,3837,5223,4658,5581
1401,3837,5581,4658,6566
1402,4658,5223,5395,5581
1403,15317,18393,16109,19427
1404,15317,19427,16109,20000
1405,16109,18393,16551,19427
1406,10146,13292,11037,13858
1407,10146,13858,11037,14920
1408,11037,13292,11620,13858
1409,10146,13310,10796,13892
1410,10146,13892,10796,14920
1411,10796,13310,11638,13892
1412,10146,0,12080,2655
1413,10146,2655,12080,4623
1414,12080,0,14799,2655
1415,12958,0,13408,372
1416,12958,372,13408,1008
1417,13408,0,14040,372
1418,11275,5102,12274,5987
1419,11275,5987,12274,6282
1420,12274,5102,12773,5987
1421,11363,0,12044,792
1422,11363,792,12044,1406
1423,12044,0,12788,792
1424,7324,0,8874,1171
1425,7324,1171,8874,3005
1426,8874,0,10146,1171
1427,0,1187,377,1751
1428,0,1751,377,2439
1429,377,1187,1154,1751
1430,10146,12387,10808,12777
1431,10146,12777,10808,13805
1432,10808,12387,11215,12777
1433,5395,0,6975,1627
1434,5395,1627,6975,2710
1435,6975,0,7858,1627
1436,5195,1137,5643,2125
1437,5195,2125,5643,2694
1438,5643,1137,6512,2125
1439,10146,11079,10924,11434
1440,10146,11434,10924,12457
1441,10924,11079,11599,11434
1442,10146,11389,10754,11819
1443,10146,11819,10754,12457
1444,10754,11389,11662,11819
1445,12507,6234,13045,6632
1446,12507,6632,13045,7367
1447,13045,6234,14075,6632
1448,12830,0,13503,599
1449,12830,599,13503,1459
1450,13503,0,14022,599
1451,11650,9979,12240,10287
1452,11650,10287,12240,11059
1453,12240,9979,12827,10287
1454,0,0,625,705
1455,0,705,625,1187
1456,625,0,1154,705
1457,16196,2161,16956,2835
1458,16196,2835,16956,3368
1459,16956,2161,17705,2835
1460,7485,0,8420,1718
1461,7485,1718,8420,2816
1462,8420,0,10146,1718
1463,17481,0,19028,1323
1464,17481,1323,19028,2920
1465,19028,0,20000,1323
1466,10146,0,11156,1269
1467,10146,1269,11156,2259
1468,11156,0,12704,1269
1469,7858,0,8207,611
1470,7858,611,8207,1621
1471,8207,0,8944,611
1472,0,0,1177,1472
1473,0,1472,1177,2439
1474,1177,0,2858,1472
1475,14799,2052,16457,2988
1476,14799,2988,16457,4623
1477,16457,2052,17490,2988
1478,5395,1208,6324,1887
1479,5395,1887,6324,2501
1480,6324,1208,6741,1887
1481,10146,9979,12858,12561
1482,10146,12561,12858,14920
1483,12858,9979,15317,12561
1484,10146,4047,10980,4318
1485,10146,4318,10980,5102
1486,10980,4047,11157,4318
1487,10146,5102,10964,6222
1488,10146,6222,10964,7367
1489,10964,5102,12507,6222
1490,1762,2439,2676,2946
1491,1762,2946,2676,3968
1492,2676,2439,2858,2946
1493,10146,3816,10665,4723
1494,10146,4723,10665,5102
1495,10665,3816,11495,4723
1496,12774,9979,14140,11378
1497,12774,11378,14140,12331
1498,14140,9979,15317,11378
1499,2858,0,4038,1077
1500,2858,1077,4038,2439
1501,4038,0,5195,1077
1502,5395,0,6913,875
1503,5395,875,6913,2462
1504,6913,0,8073,875
1505,7640,1090,8385,1949
1506,7640,1949,8385,2255
1507,8385,1090,8673,1949
1508,10146,6074,10800,7088
1509,10146,7088,10800,7826
1510,10800,6074,11170,7088
1511,4092,5234,4674,5550
1512,4092,5550,4674,6650
1513,4674,5234,5195,5550
1514,15317,13296,15624,14191
1515,15317,14191,15624,14920
1516,15624,13296,16345,14191
1517,1725,0,2096,903
1518,1725,903,2096,1015
1519,2096,0,2858,903
1520,10146,9979,10766,10339
1521,10146,10339,10766,11079
1522,10766,9979,11599,10339
1523,6392,0,6780,855
1524,6392,855,6780,1295
1525,6780,0,7858,855
1526,7460,1135,8398,2154
1527,7460,2154,8398,2694
1528,8398,1135,8920,2154
1529,0,4993,2565,7353
1530,0,7353,2565,9979
1531,2565,4993,5302,7353
1532,2985,5223,4459,6122
1533,2985,6122,4459,7441
1534,4459,5223,5395,6122
1535,17481,0,18247,611
1536,17481,611,18247,1363
1537,18247,0,18807,611
1538,14799,2988,16006,4142
1539,14799,4142,16006,4623
1540,16006,2988,16457,4142
1541,10146,9979,10839,11015
1542,10146,11015,10839,11352
1543,10839,9979,11390,11015
1544,15317,10665,16130,11657
1545,15317,11657,16130,12124
1546,16130,10665,16865,11657
1547,12773,5102,13599,5274
1548,12773,5274,13599,6137
1549,13599,5102,13852,5274
1550,5395,0,6548,1685
1551,5395,1685,6548,2816
1552,6548,0,7485,1685
1553,10146,12089,11830,13862
1554,10146,13862,11830,14920
1555,11830,12089,12846,13862
1556,0,7498,1566,8460
1557,0,8460,1566,9979
1558,1566,7498,2341,8460
1559,5395,1319,6244,1962
1560,5395,1962,6244,2710
1561,6244,1319,6964,1962
1562,17490,0,18927,1375
1563,17490,1375,18927,2052
1564,18927,0,20000,1375
1565,10146,5102,11713,6431
1566,10146,6431,11713,7367
1567,11713,5102,12507,6431
1568,14799,3330,15715,4117
1569,14799,4117,15715,4623
1570,15715,3330,15929,4117
1571,5395,0,5729,404
1572,5395,404,5729,1374
1573,5729,0,6486,404
1574,14116,0,14842,376
1575,14116,376,14842,1429
1576,14842,0,15193,376
1577,14799,0,16334,944
1578,14799,944,16334,2052
1579,16334,0,17490,944
1580,12830,0,13257,754
1581,12830,754,13257,1459
1582,13257,0,14022,754
1583,14799,2052,15932,2966
1584,14799,2966,15932,4623
1585,15932,2052,17490,2966
1586,10146,12331,11703,13451
1587,10146,13451,11703,14920
1588,11703,12331,12774,13451
1589,10146,6298,10831,6951
1590,10146,6951,10831,7453
1591,10831,6298,11795,6951
1592,0,0,2568,2298
1593,0,2298,2568,5223
1594,2568,0,5395,2298
1595,10146,0,10841,727
1596,10146,727,10841,1269
1597,10841,0,11156,727
1598,11830,12089,12107,13055
1599,11830,13055,12107,13862
1600,12107,12089,12846,13055
1601,11747,7834,12402,8131
1602,11747,8131,12402,9162
1603,12402,7834,12773,8131
1604,12830,0,13342,668
1605,12830,668,13342,1112
1606,13342,0,13870,668
1607,18603,17108,19477,18203
1608,18603,18203,19477,18689
1609,19477,17108,20000,18203
1610,0,7223,1552,8338
1611,0,8338,1552,9979
1612,1552,7223,2673,8338
1613,12507,5102,13478,6156
1614,12507,6156,13478,7367
1615,13478,5102,15193,6156
1616,10146,7367,10735,8154
1617,10146,8154,10735,8551
1618,10735,7367,11199,8154
1619,14799,2052,15258,2336
1620,14799,2336,15258,3330
1621,15258,2052,15929,2336
1622,14799,0,16370,941
1623,14799,941,16370,2056
1624,16370,0,17601,941
1625,7858,1586,8788,1965
1626,7858,1965,8788,2710
1627,8788,1586,9340,1965
1628,10146,2259,11371,3655
1629,10146,3655,11371,5102
1630,11371,2259,12704,3655
1631,0,7815,780,8325
1632,0,8325,780,8841
1633,780,7815,1434,8325
1634,11185,9979,12181,10306
1635,11185,10306,12181,11417
1636,12181,9979,12846,10306
1637,10146,7834,11286,8840
1638,10146,8840,11286,9162
1639,11286,7834,11747,8840
1640,10146,9979,10933,10332
1641,10146,10332,10933,11059
1642,10933,9979,11650,10332
1643,17705,0,18932,1186
1644,17705,1186,18932,2161
1645,18932,0,20000,1186
1646,12858,9979,13811,11118
1647,12858,11118,13811,12561
1648,13811,9979,15317,11118
1649,9139,0,9913,938
1650,9139,938,9913,1111
1651,9913,0,10146,938
1652,18411,0,19044,281
1653,18411,281,19044,1238
1654,19044,0,20000,281
1655,0,7223,674,7854
1656,0,7854,674,8321
1657,674,7223,1672,7854
1658,10146,4047,10347,4231
1659,10146,4231,10347,5102
1660,10347,4047,11157,4231
1661,15193,2161,15772,3106
1662,15193,3106,15772,3368
1663,15772,2161,16196,3106
1664,4092,5234,5005,6196
1665,4092,6196,5005,6650
1666,5005,5234,5195,6196
1667,10146,7834,11814,9111
1668,10146,9111,11814,9979
1669,11814,7834,12773,9111
1670,10146,9979,11681,11252
1671,10146,11252,11681,12089
1672,11681,9979,12846,11252
1673,10146,7834,10959,8720
1674,10146,8720,10959,8840
1675,10959,7834,11286,8720
1676,10146,9979,10394,10314
1677,10146,10314,10394,11352
1678,10394,9979,11390,10314
1679,5195,2694,6114,3670
1680,5195,3670,6114,4241
1681,6114,2694,6343,3670
1682,10146,5102,11140,6137
1683,10146,6137,11140,6431
1684,11140,5102,11713,6137
1685,10146,3816,10881,4307
1686,10146,4307,10881,5102
1687,10881,3816,11495,4307
1688,18623,14920,18968,15638
1689,18623,15638,18968,16135
1690,18968,14920,20000,15638
1691,2486,0,2730,250
1692,2486,250,2730,1003
1693,2730,0,3734,250
1694,1762,2439,1993,2984
1695,1762,2984,1993,3968
1696,1993,2439,2858,2984
1697,10146,7367,11043,8066
1698,10146,8066,11043,8635
1699,11043,7367,11354,8066
1700,12858,9979,13750,11644
1701,12858,11644,13750,12561
1702,13750,9979,15317,11644
1703,10146,0,10298,687
1704,10146,687,10298,1269
1705,10298,0,11156,687
1706,12983,9979,13797,10850
1707,12983,10850,13797,12387
1708,13797,9979,15317,10850
1709,0,0,430,598
1710,0,598,430,1143
1711,430,0,1460,598
1712,5395,0,5920,379
1713,5395,379,5920,1026
1714,5920,0,6646,379
1715,7858,0,8491,605
1716,7858,605,8491,1621
1717,8491,0,8944,605
1718,13757,4623,14572,4892
1719,13757,4892,14572,5949
1720,14572,4623,14799,4892
1721,10146,9979,11214,10512
1722,10146,10512,11214,11059
1723,11214,9979,11650,10512
1724,0,11948,1115,13125
1725,0,13125,1115,14652
1726,1115,11948,2358,13125
1727,0,2498,1096,3848
1728,0,3848,1096,5234
1729,1096,2498,2292,3848
1730,17481,1363,18381,1978
1731,17481,1978,18381,2920
1732,18381,1363,18807,1978
1733,0,7353,1586,8764
1734,0,8764,1586,9979
1735,1586,7353,2565,8764
1736,0,11948,600,12690
1737,0,12690,600,13125
1738,600,11948,1115,12690
1739,10146,9979,11203,10902
1740,10146,10902,11203,12387
1741,11203,9979,12983,10902
1742,11199,7367,11473,7959
1743,11199,7959,11473,8551
1744,11473,7367,12507,7959
1745,12846,10693,13356,11606
1746,12846,11606,13356,12089
1747,13356,10693,13891,11606
1748,7858,0,8333,1073
1749,7858,1073,8333,1621
1750,8333,0,8944,1073
1751,10146,5102,11532,6131
1752,10146,6131,11532,7826
1753,11532,5102,12542,6131
1754,11532,5102,12255,5942
1755,11532,5942,12255,6131
1756,12255,5102,12542,5942
1757,15317,9979,17475,12835
1758,15317,12835,17475,14920
1759,17475,9979,20000,12835
1760,8874,0,9274,399
1761,8874,399,9274,1171
1762,9274,0,10146,399
1763,10146,12387,10958,13385
1764,10146,13385,10958,13716
1765,10958,12387,11829,13385
1766,11739,0,11881,1075
1767,11739,1075,11881,1373
1768,11881,0,12788,1075
1769,15317,13296,15716,14438
1770,15317,14438,15716,14920
1771,15716,13296,16345,14438
1772,5195,3005,6161,3593
1773,5195,3593,6161,4177
1774,6161,3005,6550,3593
1775,0,0,1556,1468
1776,0,1468,1556,2568
1777,1556,0,2486,1468
1778,5395,1421,6201,1946
1779,5395,1946,6201,2710
1780,6201,1421,6752,1946
1781,5195,3829,6081,4202
1782,5195,4202,6081,5234
1783,6081,3829,6607,4202
1784,17481,1323,18038,2503
1785,17481,2503,18038,2920
1786,18038,1323,19028,2503
1787,11650,9979,12347,10566
1788,11650,10566,12347,11059
1789,12347,9979,12827,10566
1790,5395,1183,5782,1529
1791,5395,1529,5782,2255
1792,5782,1183,6660,1529
1793,0,2439,1828,3875
1794,0,3875,1828,5234
1795,1828,2439,2858,3875
1796,0,1015,969,1732
1797,0,1732,969,2439
1798,969,1015,1725,1732
1799,13938,9979,14965,10772
1800,13938,10772,14965,11533
1801,14965,9979,15317,10772
1802,14799,2988,15541,3259
1803,14799,3259,15541,4142
1804,15541,2988,16006,3259
1805,10146,12331,10604,12902
1806,10146,12902,10604,13451
1807,10604,12331,11703,12902
1808,0,5234,1274,6282
1809,0,6282,1274,7223
1810,1274,5234,2673,6282
1811,0,0,1612,1071
1812,0,1071,1612,2439
1813,1612,0,2858,1071
1814,0,5234,847,5799
1815,0,5799,847,6722
1816,847,5234,1041,5799
1817,10146,5102,11642,6547
1818,10146,6547,11642,7923
1819,11642,5102,12979,6547
1820,1552,7223,1858,7805
1821,1552,7805,1858,8338
1822,1858,7223,2673,7805
1823,12394,4623,13747,6141
1824,12394,6141,13747,7441
1825,13747,4623,14799,6141
1826,8749,0,9323,264
1827,8749,264,9323,1147
1828,9323,0,10146,264
1829,10146,7441,11371,8715
1830,10146,8715,11371,9979
1831,11371,7441,12394,8715
1832,0,2568,1601,3501
1833,0,3501,1601,5223
1834,1601,2568,2486,3501
1835,12773,6137,13141,6962
1836,12773,6962,13141,7834
1837,13141,6137,13852,6962
1838,17490,0,18875,944
1839,17490,944,18875,2052
1840,18875,0,20000,944
1841,8094,0,9416,1259
1842,8094,1259,9416,2494
1843,9416,0,10146,1259
1844,2858,0,3709,397
1845,2858,397,3709,1158
1846,3709,0,4022,397
1847,5395,0,6267,549
1848,5395,549,6267,1481
1849,6267,0,6425,549
1850,6392,0,7522,963
1851,6392,963,7522,1295
1852,7522,0,7858,963
1853,5195,0,5715,789
1854,5195,789,5715,1431
1855,5715,0,6500,789
1856,17481,0,18393,1475
1857,17481,1475,18393,2920
1858,18393,0,20000,1475
1859,10146,12387,10338,12704
1860,10146,12704,10338,13805
1861,10338,12387,11215,12704
1862,13870,0,14677,576
1863,13870,576,14677,1112
1864,14677,0,15193,576
1865,12830,0,13673,882
1866,12830,882,13673,1112
1867,13673,0,13870,882
1868,17351,18689,18167,19694
1869,17351,19694,18167,20000
1870,18167,18689,18603,19694
1871,10146,8551,10567,9490
1872,10146,9490,10567,9979
1873,10567,8551,11199,9490
1874,15193,3784,15991,4225
1875,15193,4225,15991,5102
1876,15991,3784,16719,4225
1877,5395,0,6597,1284
1878,5395,1284,6597,2462
1879,6597,0,8073,1284
1880,15317,12835,16569,14178
1881,15317,14178,16569,14920
1882,16569,12835,17475,14178
1883,12507,6234,12982,6707
1884,12507,6707,12982,7367
1885,12982,6234,14075,6707
1886,15193,0,16359,1643
1887,15193,1643,16359,2920
1888,16359,0,17481,1643
1889,15317,17108,16224,18883
1890,15317,18883,16224,20000
1891,16224,17108,17351,18883
1892,14799,2052,15343,2404
1893,14799,2404,15343,3330
1894,15343,2052,15929,2404
1895,5195,2694,6057,3599
1896,5195,3599,6057,4241
1897,6057,2694,6343,3599
1898,10146,2259,11330,3881
1899,10146,3881,11330,5102
1900,11330,2259,12704,3881
1901,5395,0,5978,985
1902,5395,985,5978,1319
1903,5978,0,6964,985
1904,0,5223,719,5544
1905,0,5544,719,6655
1906,719,5223,1040,5544
1907,13025,5102,14359,6616
1908,13025,6616,14359,7453
1909,14359,5102,15193,6616
1910,5195,1137,5925,1975
1911,5195,1975,5925,2694
1912,5925,1137,6512,1975
1913,12507,6234,13130,6987
1914,12507,6987,13130,7367
1915,13130,6234,14075,6987
1916,10146,2605,11769,3666
1917,10146,3666,11769,5102
1918,11769,2605,12830,3666
1919,5395,875,6363,1482
1920,5395,1482,6363,2462
1921,6363,875,6913,1482
1922,1460,0,1910,395
1923,1460,395,1910,1143
1924,1910,0,2858,395
1925,0,8321,1074,9132
1926,0,9132,1074,9979
1927,1074,8321,1672,9132
1928,824,5223,1619,5971
1929,824,5971,1619,6485
1930,1619,5223,2369,5971
1931,10146,12457,11555,13733
1932,10146,13733,11555,14920
1933,11555,12457,12827,13733
1934,8094,1259,8670,1611
1935,8094,1611,8670,2494
1936,8670,1259,9416,1611
1937,13936,0,14579,891
1938,13936,891,14579,1554
1939,14579,0,15193,891
1940,5395,2816,6532,3766
1941,5395,3766,6532,5223
1942,6532,2816,7485,3766
1943,10146,12457,10701,13037
1944,10146,13037,10701,13733
1945,10701,12457,11555,13037
1946,5727,0,6414,143
1947,5727,143,6414,1058
1948,6414,0,6752,143
1949,10146,5102,12948,7302
1950,10146,7302,12948,9979
1951,12948,5102,15193,7302
1952,858,7498,1828,8470
1953,858,8470,1828,8990
1954,1828,7498,2341,8470
1955,0,12245,1457,13711
1956,0,13711,1457,14652
1957,1457,12245,2730,13711
1958,10146,9979,11610,10712
1959,10146,10712,11610,12089
1960,11610,9979,12846,10712
1961,10146,10712,11267,11448
1962,10146,11448,11267,12089
1963,11267,10712,11610,11448
1964,7956,0,8743,1282
1965,7956,1282,8743,2501
1966,8743,0,10146,1282
1967,15317,17108,16101,18357
1968,15317,18357,16101,20000
1969,16101,17108,17351,18357
1970,0,7424,1442,9083
1971,0,9083,1442,9979
1972,1442,7424,2693,9083
1973,0,3875,786,4625
1974,0,4625,786,5234
1975,786,3875,1828,4625
1976,15317,18393,15547,18851
1977,15317,18851,15547,20000
1978,15547,18393,16551,18851
1979,12774,9979,13607,10281
1980,12774,10281,13607,11378
1981,13607,9979,14140,10281
1982,10146,0,12334,2297
1983,10146,2297,12334,4623
1984,12334,0,14799,2297
1985,10146,2297,11131,3080
1986,10146,3080,11131,4623
1987,11131,2297,12334,3080
1988,13779,0,14346,860
1989,13779,860,14346,1599
1990,14346,0,15193,860
1991,15317,9979,16495,10740
1992,15317,10740,16495,12124
1993,16495,9979,17898,10740
1994,5395,2494,6580,3996
1995,5395,3996,6580,5223
1996,6580,2494,8094,3996
1997,14799,0,17434,2197
1998,14799,2197,17434,4623
1999,17434,0,20000,2197
2000,18411,0,19489,407
2001,18411,407,19489,1238
2002,19489,0,20000,407
2003,10146,2380,10918,2877
2004,10146,2877,10918,3984
2005,10918,2380,11597,2877
2006,12774,10891,13606,11915
2007,12774,11915,13606,12331
2008,13606,10891,14339,11915
2009,5302,0,8062,2739
2010,5302,2739,8062,4993
2011,8062,0,10146,2739
2012,1097,0,1734,340
2013,1097,340,1734,1214
2014,1734,0,2858,340
2015,15317,9979,16132,11198
2016,15317,11198,16132,12728
2017,16132,9979,17394,11198
2018,12948,5102,14092,5952
2019,12948,5952,14092,7302
2020,14092,5102,15193,5952
2021,15317,17108,16732,18439
2022,15317,18439,16732,20000
2023,16732,17108,17351,18439
2024,10146,13805,10933,14722
2025,10146,14722,10933,14920
2026,10933,13805,11215,14722
2027,6292,0,7122,972
2028,6292,972,7122,1378
2029,7122,0,7858,972
2030,16224,17108,16629,18305
2031,16224,18305,16629,18883
2032,16629,17108,17351,18305
2033,10146,7367,11467,8453
2034,10146,8453,11467,9979
2035,11467,7367,12507,8453
2036,12983,10803,13218,11603
2037,12983,11603,13218,12387
2038,13218,10803,14201,11603
2039,0,7223,1201,7678
2040,0,7678,1201,8321
2041,1201,7223,1672,7678
2042,5770,2255,5918,2430
2043,5770,2430,5918,3389
2044,5918,2255,6846,2430
2045,0,7223,1374,8775
2046,0,8775,1374,9979
2047,1374,7223,2673,8775
2048,0,0,2536,2314
2049,0,2314,2536,4993
2050,2536,0,5302,2314
2051,8094,0,9201,1117
2052,8094,1117,9201,2494
2053,9201,0,10146,1117
2054,15317,9979,16387,10772
2055,15317,10772,16387,12124
2056,16387,9979,17898,10772
2057,1460,0,1810,772
2058,1460,772,1810,1143
2059,1810,0,2858,772
2060,10146,4090,10551,4753
2061,10146,4753,10551,5102
2062,10551,4090,11537,4753
2063,10146,0,11197,780
2064,10146,780,11197,2259
2065,11197,0,12704,780
2066,12507,5102,13604,5843
2067,12507,5843,13604,6234
2068,13604,5102,14075,5843
2069,7460,0,8532,1020
2070,7460,1020,8532,2694
2071,8532,0,10146,1020
2072,0,0,700,1011
2073,0,1011,700,1468
2074,700,0,1556,1011
2075,2486,0,2857,661
2076,2486,661,2857,1506
2077,2857,0,3683,661
2078,10146,0,11779,1171
2079,10146,1171,11779,2600
2080,11779,0,12958,1171
2081,10146,11352,10690,12080
2082,10146,12080,10690,12387
2083,10690,11352,11390,12080
2084,13870,0,14276,313
2085,13870,313,14276,1112
2086,14276,0,15193,313
2087,12983,10436,13503,11063
2088,12983,11063,13503,11442
2089,13503,10436,14030,11063
2090,10146,6355,11142,6913
2091,10146,6913,11142,7367
2092,11142,6355,11663,6913
2093,12830,0,13716,301
2094,12830,301,13716,1046
2095,13716,0,13881,301
2096,6392,0,7238,724
2097,6392,724,7238,1295
2098,7238,0,7858,724
2099,10146,10902,11022,11997
2100,10146,11997,11022,12387
2101,11022,10902,11203,11997
2102,0,14652,2528,17529
2103,0,17529,2528,20000
2104,2528,14652,5022,17529
2105,10146,4033,10718,4235
2106,10146,4235,10718,5102
2107,10718,4033,11724,4235
2108,5195,0,5996,1230
2109,5195,1230,5996,3005
2110,5996,0,7324,1230
2111,8062,0,8981,1083
2112,8062,1083,8981,2739
2113,8981,0,10146,1083
2114,11769,2605,12159,2754
2115,11769,2754,12159,3666
2116,12159,2605,12830,2754
2117,12704,0,13784,851
2118,12704,851,13784,2259
2119,13784,0,15193,851
2120,15193,0,15856,373
2121,15193,373,15856,1541
2122,15856,0,16536,373
2123,2369,5223,3724,6514
2124,2369,6514,3724,7815
2125,3724,5223,5395,6514
2126,5395,0,5872,283
2127,5395,283,5872,1284
2128,5872,0,6597,283
2129,17351,18689,18283,19491
2130,17351,19491,18283,20000
2131,18283,18689,18603,19491
2132,11157,2605,12075,3600
2133,11157,3600,12075,4047
2134,12075,2605,12830,3600
2135,7485,0,8446,944
2136,7485,944,8446,1147
2137,8446,0,8749,944
2138,10146,13716,10893,13919
2139,10146,13919,10893,14920
2140,10893,13716,11829,13919
2141,18927,0,19712,1036
2142,18927,1036,19712,1375
2143,19712,0,20000,1036
2144,0,9979,859,10964
2145,0,10964,859,11948
2146,859,9979,2358,10964
2147,12830,0,13266,617
2148,12830,617,13266,1046
2149,13266,0,13881,617
2150,14022,0,14329,782
2151,14022,782,14329,1459
2152,14329,0,15193,782
2153,8094,1259,8458,2138
2154,8094,2138,8458,2494
2155,8458,1259,9416,2138
2156,15317,12189,15856,12603
2157,15317,12603,15856,13296
2158,15856,12189,16345,12603
2159,12983,10436,13370,10830
2160,12983,10830,13370,11442
2161,13370,10436,14030,10830
2162,7485,0,9100,1359
2163,7485,1359,9100,2816
2164,9100,0,10146,1359
2165,2486,1506,3140,1793
2166,2486,1793,3140,2568
2167,3140,1506,3683,1793
2168,7640,0,8468,784
2169,7640,784,8468,1090
2170,8468,0,8673,784
2171,0,5234,2952,7322
2172,0,7322,2952,9979
2173,2952,5234,5195,7322
2174,14799,2988,15922,3859
2175,14799,3859,15922,4623
2176,15922,2988,16457,3859
2177,10146,9979,11760,10710
2178,10146,10710,11760,12089
2179,11760,9979,12846,10710
2180,8920,0,9871,507
2181,8920,507,9871,1135
2182,9871,0,10146,507
2183,10146,8635,10553,9260
2184,10146,9260,10553,9979
2185,10553,8635,11354,9260
2186,10146,4090,10922,4245
2187,10146,4245,10922,5102
2188,10922,4090,11537,4245
2189,15193,3368,15684,3964
2190,15193,3964,15684,5102
2191,15684,3368,16196,3964
2192,5195,0,6044,1311
2193,5195,1311,6044,2586
2194,6044,0,7286,1311
2195,0,5234,1444,6637
2196,0,6637,1444,7322
2197,1444,5234,2952,6637
2198,17705,0,18756,1359
2199,17705,1359,18756,2161
2200,18756,0,20000,1359
2201,13811,9979,14893,10198
2202,13811,10198,14893,11118
2203,14893,9979,15317,10198
2204,12080,0,13831,1466
2205,12080,1466,13831,2655
2206,13831,0,14799,1466
2207,6044,0,6545,561
2208,6044,561,6545,1311
2209,6545,0,7286,561
2210,10146,7834,10508,8228
2211,10146,8228,10508,8840
2212,10508,7834,11286,8228
2213,10146,910,10686,1382
2214,10146,1382,10686,2380
2215,10686,910,11436,1382
2216,0,0,478,877
2217,0,877,478,1071
2218,478,0,1612,877
2219,0,0,379,892
2220,0,892,379,1472
2221,379,0,1177,892
2222,0,5234,729,5420
2223,0,5420,729,6282
2224,729,5234,1274,5420
2225,0,8775,765,9486
2226,0,9486,765,9979
2227,765,8775,1374,9486
2228,12394,4623,12957,5817
2229,12394,5817,12957,6313
2230,12957,4623,13904,5817
2231,14799,2056,16041,3529
2232,14799,3529,16041,4623
2233,16041,2056,17601,3529
2234,0,7815,518,7990
2235,0,7990,518,8841
2236,518,7815,1434,7990
2237,12704,0,13187,1009
2238,12704,1009,13187,1360
2239,13187,0,14040,1009
2240,10146,13862,10687,14173
2241,10146,14173,10687,14920
2242,10687,13862,11830,14173
2243,5395,2494,5904,2871
2244,5395,2871,5904,3996
2245,5904,2494,6580,2871
2246,0,3875,789,4352
2247,0,4352,789,5234
2248,789,3875,1828,4352
2249,14040,0,14677,1051
2250,14040,1051,14677,1360
2251,14677,0,15193,1051
2252,14677,1051,15193,1360
