Number,x1,y1,x2,y2
0,0,0,10382,10082
1,0,10082,10382,20000
2,10382,0,20000,10082
3,10382,10082,14981,14766
4,10382,14766,14981,20000
5,14981,10082,20000,14766
6,14981,14766,17114,17347
7,14981,17347,17114,20000
8,17114,14766,20000,17347
9,17114,17347,18589,18772
10,17114,18772,18589,20000
11,18589,17347,20000,18772
12,18589,18772,19314,19111
13,18589,19111,19314,20000
14,19314,18772,20000,19111
15,10382,0,15098,4774
16,10382,4774,15098,10082
17,15098,0,20000,4774
18,18589,17347,19484,18194
19,18589,18194,19484,18772
20,19484,17347,20000,18194
21,10382,0,15000,4722
22,10382,4722,15000,10082
23,15000,0,20000,4722
24,10382,14766,12779,17651
25,10382,17651,12779,20000
26,12779,14766,14981,17651
27,0,0,5534,4992
28,0,4992,5534,10082
29,5534,0,10382,4992
30,17114,14766,18294,15911
31,17114,15911,18294,17347
32,18294,14766,20000,15911
33,10382,14766,11373,15959
34,10382,15959,11373,17651
35,11373,14766,12779,15959
36,0,0,2914,2440
37,0,2440,2914,4992
38,2914,0,5534,2440
39,0,0,2913,2382
40,0,2382,2913,4992
41,2913,0,5534,2382
42,17114,14766,18099,15243
43,17114,15243,18099,15911
44,18099,14766,18294,15243
45,0,4992,2819,7583
46,0,7583,2819,10082
47,2819,4992,5534,7583
48,17114,14766,17914,15161
49,17114,15161,17914,15911
50,17914,14766,18294,15161
51,10382,17651,11933,19017
52,10382,19017,11933,20000
53,11933,17651,12779,19017
54,14981,14766,16171,15716
55,14981,15716,16171,17347
56,16171,14766,17114,15716
57,2914,0,4500,1107
58,2914,1107,4500,2440
59,4500,0,5534,1107
60,2819,4992,3883,6254
61,2819,6254,3883,7583
62,3883,4992,5534,6254
63,14981,14766,15923,16286
64,14981,16286,15923,17347
65,15923,14766,17114,16286
66,10382,0,15515,5434
67,10382,5434,15515,10082
68,15515,0,20000,5434
69,10382,14766,11936,16599
70,10382,16599,11936,17651
71,11936,14766,12779,16599
72,0,4992,2459,7934
73,0,7934,2459,10082
74,2459,4992,5534,7934
75,0,7934,964,8934
76,0,8934,964,10082
77,964,7934,2459,8934
78,2914,0,4366,1351
79,2914,1351,4366,2440
80,4366,0,5534,1351
81,10382,16599,11520,17253
82,10382,17253,11520,17651
83,11520,16599,11936,17253
84,18294,14766,18947,15534
85,18294,15534,18947,15911
86,18947,14766,20000,15534
87,17114,15911,17747,16772
88,17114,16772,17747,17347
89,17747,15911,18294,16772
90,0,0,1672,1053
91,0,1053,1672,2382
92,1672,0,2913,1053
93,11373,14766,12139,15056
94,11373,15056,12139,15959
95,12139,14766,12779,15056
96,10382,16599,11262,16989
97,10382,16989,11262,17651
98,11262,16599,11936,16989
99,10382,14766,11524,16301
100,10382,16301,11524,17651
101,11524,14766,12779,16301
102,15000,0,17535,1962
103,15000,1962,17535,4722
104,17535,0,20000,1962
105,15515,0,17760,2813
106,15515,2813,17760,5434
107,17760,0,20000,2813
108,2819,4992,3984,6396
109,2819,6396,3984,7583
110,3984,4992,5534,6396
111,17535,0,19060,1260
112,17535,1260,19060,1962
113,19060,0,20000,1260
114,17114,15911,17632,16784
115,17114,16784,17632,17347
116,17632,15911,18294,16784
117,10382,14766,11222,15937
118,10382,15937,11222,16599
119,11222,14766,11936,15937
120,3883,4992,4596,5693
121,3883,5693,4596,6254
122,4596,4992,5534,5693
123,12779,14766,14050,16006
124,12779,16006,14050,17651
125,14050,14766,14981,16006
126,14981,10082,17675,12809
127,14981,12809,17675,14766
128,17675,10082,20000,12809
129,0,0,928,437
130,0,437,928,1053
131,928,0,1672,437
132,2819,6396,3663,6885
133,2819,6885,3663,7583
134,3663,6396,3984,6885
135,3883,4992,4912,5996
136,3883,5996,4912,6254
137,4912,4992,5534,5996
138,14981,14766,16026,16029
139,14981,16029,16026,17347
140,16026,14766,17114,16029
141,3883,4992,4397,5387
142,3883,5387,4397,5996
143,4397,4992,4912,5387
144,14981,17347,15985,18935
145,14981,18935,15985,20000
146,15985,17347,17114,18935
147,14981,10082,17861,12570
148,14981,12570,17861,14766
149,17861,10082,20000,12570
150,15098,0,17426,2729
151,15098,2729,17426,4774
152,17426,0,20000,2729
153,17114,18772,18170,19693
154,17114,19693,18170,20000
155,18170,18772,18589,19693
156,14981,17347,15624,18129
157,14981,18129,15624,18935
158,15624,17347,15985,18129
159,2914,0,3702,409
160,2914,409,3702,1107
161,3702,0,4500,409
162,17426,0,18373,1544
163,17426,1544,18373,2729
164,18373,0,20000,1544
165,2914,0,3640,399
166,2914,399,3640,1351
167,3640,0,4366,399
168,10382,14766,12819,17119
169,10382,17119,12819,20000
170,12819,14766,14981,17119
171,10382,16301,11078,17041
172,10382,17041,11078,17651
173,11078,16301,11524,17041
174,14981,15716,15849,16612
175,14981,16612,15849,17347
176,15849,15716,16171,16612
177,17114,14766,17885,15701
178,17114,15701,17885,15911
179,17885,14766,18294,15701
180,15515,2813,16913,4095
181,15515,4095,16913,5434
182,16913,2813,17760,4095
183,0,0,1209,455
184,0,455,1209,1053
185,1209,0,1672,455
186,15515,2813,16820,4266
187,15515,4266,16820,5434
188,16820,2813,17760,4266
189,14981,14766,16010,16217
190,14981,16217,16010,17347
191,16010,14766,17114,16217
192,10382,0,13186,2674
193,10382,2674,13186,5434
194,13186,0,15515,2674
195,15515,0,17701,2578
196,15515,2578,17701,5434
197,17701,0,20000,2578
198,17535,0,18731,1316
199,17535,1316,18731,1962
200,18731,0,20000,1316
201,4500,0,4684,204
202,4500,204,4684,1107
203,4684,0,5534,204
204,14981,18935,15461,19601
205,14981,19601,15461,20000
206,15461,18935,15985,19601
207,3883,4992,4578,5280
208,3883,5280,4578,5996
209,4578,4992,4912,5280
210,12779,14766,13885,16228
211,12779,16228,13885,17651
212,13885,14766,14981,16228
213,18373,0,18983,957
214,18373,957,18983,1544
215,18983,0,20000,957
216,0,0,1259,1474
217,0,1474,1259,2382
218,1259,0,2913,1474
219,2819,4992,4324,6491
220,2819,6491,4324,7583
221,4324,4992,5534,6491
222,15098,2729,15974,3837
223,15098,3837,15974,4774
224,15974,2729,17426,3837
225,15515,0,16678,1349
226,15515,1349,16678,2813
227,16678,0,17760,1349
228,15515,4095,16145,4511
229,15515,4511,16145,5434
230,16145,4095,16913,4511
231,5534,0,8271,2350
232,5534,2350,8271,4992
233,8271,0,10382,2350
234,10382,4722,12737,7485
235,10382,7485,12737,10082
236,12737,4722,15000,7485
237,10382,0,13050,2560
238,10382,2560,13050,4722
239,13050,0,15000,2560
240,15000,1962,16487,3700
241,15000,3700,16487,4722
242,16487,1962,17535,3700
243,14981,16029,15374,16943
244,14981,16943,15374,17347
245,15374,16029,16026,16943
246,12779,14766,13364,15269
247,12779,15269,13364,16006
248,13364,14766,14050,15269
249,5534,0,7731,2447
250,5534,2447,7731,4992
251,7731,0,10382,2447
252,15515,1349,16283,2084
253,15515,2084,16283,2813
254,16283,1349,16678,2084
255,14981,15716,15371,16293
256,14981,16293,15371,17347
257,15371,15716,16171,16293
258,15515,4095,16419,4695
259,15515,4695,16419,5434
260,16419,4095,16913,4695
261,0,1053,556,1418
262,0,1418,556,2382
263,556,1053,1672,1418
264,5534,2447,6491,3345
265,5534,3345,6491,4992
266,6491,2447,7731,3345
267,16487,1962,17266,2903
268,16487,2903,17266,3700
269,17266,1962,17535,2903
270,18373,0,19235,1140
271,18373,1140,19235,1544
272,19235,0,20000,1140
273,1672,0,2639,634
274,1672,634,2639,1053
275,2639,0,2913,634
276,10382,4722,11745,6263
277,10382,6263,11745,7485
278,11745,4722,12737,6263
279,16010,14766,16322,15480
280,16010,15480,16322,16217
281,16322,14766,17114,15480
282,10382,2674,11426,4395
283,10382,4395,11426,5434
284,11426,2674,13186,4395
285,0,2382,1667,3335
286,0,3335,1667,4992
287,1667,2382,2913,3335
288,10382,2560,11854,3443
289,10382,3443,11854,4722
290,11854,2560,13050,3443
291,5534,0,8144,2505
292,5534,2505,8144,4992
293,8144,0,10382,2505
294,10382,0,13009,2762
295,10382,2762,13009,5434
296,13009,0,15515,2762
297,0,2440,1419,4008
298,0,4008,1419,4992
299,1419,2440,2914,4008
300,12779,16228,13075,16694
301,12779,16694,13075,17651
302,13075,16228,13885,16694
303,10382,4395,10643,4748
304,10382,4748,10643,5434
305,10643,4395,11426,4748
306,0,2382,1418,3916
307,0,3916,1418,4992
308,1418,2382,2913,3916
309,2914,1107,3524,1807
310,2914,1807,3524,2440
311,3524,1107,4500,1807
312,15515,2813,16255,3562
313,15515,3562,16255,4266
314,16255,2813,16820,3562
315,10382,17651,10918,18218
316,10382,18218,10918,19017
317,10918,17651,11933,18218
318,14981,15716,15843,16489
319,14981,16489,15843,17347
320,15843,15716,16171,16489
321,1672,0,2645,280
322,1672,280,2645,1053
323,2645,0,2913,280
324,15000,0,17403,2329
325,15000,2329,17403,4722
326,17403,0,20000,2329
327,0,0,5069,5283
328,0,5283,5069,10082
329,5069,0,10382,5283
330,15515,2578,16683,3761
331,15515,3761,16683,5434
332,16683,2578,17701,3761
333,16678,0,16870,411
334,16678,411,16870,1349
335,16870,0,17760,411
336,17114,15911,17406,16998
337,17114,16998,17406,17347
338,17406,15911,18294,16998
339,0,4992,1007,6534
340,0,6534,1007,7934
341,1007,4992,2459,6534
342,5534,2505,6782,4134
343,5534,4134,6782,4992
344,6782,2505,8144,4134
345,10382,0,12871,2443
346,10382,2443,12871,4774
347,12871,0,15098,2443
348,15000,0,17340,2385
349,15000,2385,17340,4722
350,17340,0,20000,2385
351,3883,4992,4319,5181
352,3883,5181,4319,5996
353,4319,4992,4912,5181
354,1259,0,2172,877
355,1259,877,2172,1474
356,2172,0,2913,877
357,14981,16217,15669,16768
358,14981,16768,15669,17347
359,15669,16217,16010,16768
360,2819,4992,3781,5963
361,2819,5963,3781,6396
362,3781,4992,3984,5963
363,14981,16029,15486,16402
364,14981,16402,15486,17347
365,15486,16029,16026,16402
366,15515,0,16360,1442
367,15515,1442,16360,2813
368,16360,0,17760,1442
369,15000,0,16204,1323
370,15000,1323,16204,1962
371,16204,0,17535,1323
372,14981,18935,15573,19142
373,14981,19142,15573,20000
374,15573,18935,15985,19142
375,14981,14766,15733,15729
376,14981,15729,15733,16217
377,15733,14766,16010,15729
378,17701,0,18861,1306
379,17701,1306,18861,2578
380,18861,0,20000,1306
381,16487,1962,16653,2949
382,16487,2949,16653,3700
383,16653,1962,17535,2949
384,16010,14766,16162,15423
385,16010,15423,16162,16217
386,16162,14766,17114,15423
387,16026,14766,16730,15161
388,16026,15161,16730,16029
389,16730,14766,17114,15161
390,0,4992,870,6097
391,0,6097,870,7934
392,870,4992,2459,6097
393,10382,17651,10959,18637
394,10382,18637,10959,19017
395,10959,17651,11933,18637
396,5534,0,6934,1007
397,5534,1007,6934,2350
398,6934,0,8271,1007
399,4500,0,5186,499
400,4500,499,5186,1107
401,5186,0,5534,499
402,12779,14766,13461,15320
403,12779,15320,13461,16228
404,13461,14766,13885,15320
405,2914,1351,3752,1507
406,2914,1507,3752,2440
407,3752,1351,4366,1507
408,10382,14766,11262,15648
409,10382,15648,11262,17119
410,11262,14766,12819,15648
411,0,2440,629,3593
412,0,3593,629,4008
413,629,2440,1419,3593
414,10382,14766,12754,17477
415,10382,17477,12754,20000
416,12754,14766,14981,17477
417,1418,2382,1908,3153
418,1418,3153,1908,3916
419,1908,2382,2913,3153
420,2819,6491,3360,7224
421,2819,7224,3360,7583
422,3360,6491,4324,7224
423,10382,2443,11799,3529
424,10382,3529,11799,4774
425,11799,2443,12871,3529
426,10382,3529,10989,4431
427,10382,4431,10989,4774
428,10989,3529,11799,4431
429,5534,0,6619,1243
430,5534,1243,6619,2447
431,6619,0,7731,1243
432,15515,2578,15820,3076
433,15515,3076,15820,3761
434,15820,2578,16683,3076
435,10382,7485,11280,9045
436,10382,9045,11280,10082
437,11280,7485,12737,9045
438,13885,14766,14084,15479
439,13885,15479,14084,16228
440,14084,14766,14981,15479
441,0,3916,402,4697
442,0,4697,402,4992
443,402,3916,1418,4697
444,12779,14766,13032,15696
445,12779,15696,13032,16006
446,13032,14766,14050,15696
447,15974,2729,16314,3436
448,15974,3436,16314,3837
449,16314,2729,17426,3436
450,10382,0,11606,1758
451,10382,1758,11606,2762
452,11606,0,13009,1758
453,0,0,597,378
454,0,378,597,1474
455,597,0,1259,378
456,12779,14766,13198,15664
457,12779,15664,13198,16228
458,13198,14766,13885,15664
459,16678,0,17157,284
460,16678,284,17157,1349
461,17157,0,17760,284
462,10382,0,12509,2220
463,10382,2220,12509,4774
464,12509,0,15098,2220
465,4324,4992,5183,6048
466,4324,6048,5183,6491
467,5183,4992,5534,6048
468,17114,15911,17338,16719
469,17114,16719,17338,17347
470,17338,15911,18294,16719
471,11373,14766,11841,15300
472,11373,15300,11841,15959
473,11841,14766,12779,15300
474,14981,16029,15466,16352
475,14981,16352,15466,17347
476,15466,16029,16026,16352
477,0,0,1470,857
478,0,857,1470,2440
479,1470,0,2914,857
480,10382,14766,11360,16432
481,10382,16432,11360,17477
482,11360,14766,12754,16432
483,5534,1007,6436,1958
484,5534,1958,6436,2350
485,6436,1007,6934,1958
486,10382,2443,11778,3424
487,10382,3424,11778,4774
488,11778,2443,12871,3424
489,10382,3424,11019,4087
490,10382,4087,11019,4774
491,11019,3424,11778,4087
492,18861,0,19472,742
493,18861,742,19472,1306
494,19472,0,20000,742
495,2914,0,3972,1614
496,2914,1614,3972,2440
497,3972,0,5534,1614
498,1418,2382,2249,3400
499,1418,3400,2249,3916
500,2249,2382,2913,3400
501,14981,10082,16494,11330
502,14981,11330,16494,12570
503,16494,10082,17861,11330
504,0,5283,2683,7538
505,0,7538,2683,10082
506,2683,5283,5069,7538
507,0,10082,4998,15398
508,0,15398,4998,20000
509,4998,10082,10382,15398
510,5534,1007,6331,2067
511,5534,2067,6331,2350
512,6331,1007,6934,2067
513,10382,4722,10824,5152
514,10382,5152,10824,6263
515,10824,4722,11745,5152
516,17114,14766,18907,15707
517,17114,15707,18907,17347
518,18907,14766,20000,15707
519,10382,6263,10940,7225
520,10382,7225,10940,7485
521,10940,6263,11745,7225
522,18294,14766,18917,15294
523,18294,15294,18917,15911
524,18917,14766,20000,15294
525,17861,10082,19320,11036
526,17861,11036,19320,12570
527,19320,10082,20000,11036
528,10382,0,11452,1201
529,10382,1201,11452,2560
530,11452,0,13050,1201
531,17114,14766,18486,15869
532,17114,15869,18486,17347
533,18486,14766,20000,15869
534,0,0,1334,1305
535,0,1305,1334,2440
536,1334,0,2914,1305
537,10382,4774,12614,7816
538,10382,7816,12614,10082
539,12614,4774,15098,7816
540,10382,0,11846,1678
541,10382,1678,11846,2762
542,11846,0,13009,1678
543,10382,0,11383,803
544,10382,803,11383,1758
545,11383,0,11606,803
546,11846,0,12050,826
547,11846,826,12050,1678
548,12050,0,13009,826
549,15000,1962,16293,3340
550,15000,3340,16293,4722
551,16293,1962,17535,3340
552,10382,6263,10976,6898
553,10382,6898,10976,7485
554,10976,6263,11745,6898
555,8144,0,9169,910
556,8144,910,9169,2505
557,9169,0,10382,910
558,0,3335,555,4246
559,0,4246,555,4992
560,555,3335,1667,4246
561,17114,18772,18233,19196
562,17114,19196,18233,20000
563,18233,18772,18589,19196
564,17861,11036,18707,11991
565,17861,11991,18707,12570
566,18707,11036,19320,11991
567,17535,0,18544,912
568,17535,912,18544,1962
569,18544,0,20000,912
570,4500,0,4933,786
571,4500,786,4933,1107
572,4933,0,5534,786
573,5534,0,7017,983
574,5534,983,7017,2447
575,7017,0,7731,983
576,12871,0,14089,1514
577,12871,1514,14089,2443
578,14089,0,15098,1514
579,2819,4992,3832,5903
580,2819,5903,3832,7583
581,3832,4992,5534,5903
582,3883,4992,4128,5506
583,3883,5506,4128,5996
584,4128,4992,4912,5506
585,16494,10082,17312,10706
586,16494,10706,17312,11330
587,17312,10082,17861,10706
588,17114,15869,17934,16962
589,17114,16962,17934,17347
590,17934,15869,18486,16962
591,17114,15707,18316,16370
592,17114,16370,18316,17347
593,18316,15707,18907,16370
594,15000,3700,15954,4101
595,15000,4101,15954,4722
596,15954,3700,16487,4101
597,15000,3700,15870,4040
598,15000,4040,15870,4722
599,15870,3700,16487,4040
600,0,5283,1114,6113
601,0,6113,1114,7538
602,1114,5283,2683,6113
603,15515,2578,16847,4054
604,15515,4054,16847,5434
605,16847,2578,17701,4054
606,10382,17651,11789,18854
607,10382,18854,11789,20000
608,11789,17651,12779,18854
609,12779,14766,13608,15082
610,12779,15082,13608,16006
611,13608,14766,14050,15082
612,15000,1962,15255,2950
613,15000,2950,15255,3340
614,15255,1962,16293,2950
615,11606,0,12423,762
616,11606,762,12423,1758
617,12423,0,13009,762
618,8271,0,9019,1394
619,8271,1394,9019,2350
620,9019,0,10382,1394
621,0,3335,1012,4171
622,0,4171,1012,4992
623,1012,3335,1667,4171
624,17701,1306,18162,1758
625,17701,1758,18162,2578
626,18162,1306,18861,1758
627,14981,11330,15666,12133
628,14981,12133,15666,12570
629,15666,11330,16494,12133
630,10382,3424,11198,4083
631,10382,4083,11198,4774
632,11198,3424,11778,4083
633,1259,0,2325,881
634,1259,881,2325,1474
635,2325,0,2913,881
636,10382,0,15262,5396
637,10382,5396,15262,10082
638,15262,0,20000,5396
639,14981,10082,16313,10980
640,14981,10980,16313,12570
641,16313,10082,17861,10980
642,15515,0,16929,1509
643,15515,1509,16929,2813
644,16929,0,17760,1509
645,2819,4992,4179,6474
646,2819,6474,4179,7583
647,4179,4992,5534,6474
648,10382,2560,11587,3698
649,10382,3698,11587,4722
650,11587,2560,13050,3698
651,2913,0,3867,1025
652,2913,1025,3867,2382
653,3867,0,5534,1025
654,4324,4992,4961,5528
655,4324,5528,4961,6491
656,4961,4992,5534,5528
657,15515,2813,16276,3758
658,15515,3758,16276,4095
659,16276,2813,16913,3758
660,10382,1758,10665,2562
661,10382,2562,10665,2762
662,10665,1758,11606,2562
663,0,5283,2199,7491
664,0,7491,2199,10082
665,2199,5283,5069,7491
666,5534,2505,6088,3459
667,5534,3459,6088,4134
668,6088,2505,6782,3459
669,2819,4992,3715,5507
670,2819,5507,3715,6491
671,3715,4992,4324,5507
672,0,5283,2618,7315
673,0,7315,2618,10082
674,2618,5283,5069,7315
675,5534,0,6708,905
676,5534,905,6708,2447
677,6708,0,7731,905
678,14981,10082,16445,11094
679,14981,11094,16445,12570
680,16445,10082,17861,11094
681,10382,4722,10757,5248
682,10382,5248,10757,6263
683,10757,4722,11745,5248
684,10382,14766,11803,15961
685,10382,15961,11803,17477
686,11803,14766,12754,15961
687,13885,14766,14780,15878
688,13885,15878,14780,16228
689,14780,14766,14981,15878
690,3883,4992,4708,5285
691,3883,5285,4708,5996
692,4708,4992,4912,5285
693,2819,6396,3046,7348
694,2819,7348,3046,7583
695,3046,6396,3984,7348
696,17861,11036,18606,11919
697,17861,11919,18606,12570
698,18606,11036,19320,11919
699,14981,12570,16810,13269
700,14981,13269,16810,14766
701,16810,12570,17861,13269
702,16360,0,17188,407
703,16360,407,17188,1442
704,17188,0,17760,407
705,10382,5434,13211,7656
706,10382,7656,13211,10082
707,13211,5434,15515,7656
708,10382,5434,11702,6616
709,10382,6616,11702,7656
710,11702,5434,13211,6616
711,11846,0,12463,866
712,11846,866,12463,1678
713,12463,0,13009,866
714,10382,4774,11693,6058
715,10382,6058,11693,7816
716,11693,4774,12614,6058
717,12614,4774,13564,6487
718,12614,6487,13564,7816
719,13564,4774,15098,6487
720,12779,14766,13886,15900
721,12779,15900,13886,17651
722,13886,14766,14981,15900
723,12779,14766,13614,15162
724,12779,15162,13614,15900
725,13614,14766,13886,15162
726,870,4992,1853,5326
727,870,5326,1853,6097
728,1853,4992,2459,5326
729,17535,0,18933,945
730,17535,945,18933,1962
731,18933,0,20000,945
732,10382,0,13067,2056
733,10382,2056,13067,4722
734,13067,0,15000,2056
735,0,0,1217,1167
736,0,1167,1217,2382
737,1217,0,2913,1167
738,17114,14766,18681,16051
739,17114,16051,18681,17347
740,18681,14766,20000,16051
741,10382,14766,11933,15611
742,10382,15611,11933,17119
743,11933,14766,12819,15611
744,15515,2578,16055,3511
745,15515,3511,16055,3761
746,16055,2578,16683,3511
747,17114,14766,18294,15469
748,17114,15469,18294,16051
749,18294,14766,18681,15469
750,10382,3424,11269,4364
751,10382,4364,11269,4774
752,11269,3424,11778,4364
753,14981,18935,15219,19728
754,14981,19728,15219,20000
755,15219,18935,15985,19728
756,11799,2443,12412,2700
757,11799,2700,12412,3529
758,12412,2443,12871,2700
759,18861,0,19395,951
760,18861,951,19395,1306
761,19395,0,20000,951
762,0,857,511,2017
763,0,2017,511,2440
764,511,857,1470,2017
765,5534,0,6478,804
766,5534,804,6478,1007
767,6478,0,6934,804
768,15515,2813,16055,3539
769,15515,3539,16055,4266
770,16055,2813,16820,3539
771,13886,14766,14208,15557
772,13886,15557,14208,15900
773,14208,14766,14981,15557
774,15515,2578,16416,3139
775,15515,3139,16416,3761
776,16416,2578,16683,3139
777,13067,0,14247,1104
778,13067,1104,14247,2056
779,14247,0,15000,1104
780,0,0,4934,4881
781,0,4881,4934,10082
782,4934,0,10382,4881
783,10382,3698,10769,4006
784,10382,4006,10769,4722
785,10769,3698,11587,4006
786,14981,10980,15664,12023
787,14981,12023,15664,12570
788,15664,10980,16313,12023
789,15262,0,17521,2642
790,15262,2642,17521,5396
791,17521,0,20000,2642
792,10382,2560,10905,3430
793,10382,3430,10905,3698
794,10905,2560,11587,3430
795,18294,14766,19532,15230
796,18294,15230,19532,15911
797,19532,14766,20000,15230
798,16445,10082,17271,10462
799,16445,10462,17271,11094
800,17271,10082,17861,10462
801,8144,0,9321,1555
802,8144,1555,9321,2505
803,9321,0,10382,1555
804,10382,5434,11399,6426
805,10382,6426,11399,7656
806,11399,5434,13211,6426
807,15515,4054,16378,5142
808,15515,5142,16378,5434
809,16378,4054,16847,5142
810,0,0,1227,1565
811,0,1565,1227,2382
812,1227,0,2913,1565
813,15000,1962,16024,3721
814,15000,3721,16024,4722
815,16024,1962,17535,3721
816,9321,0,9804,501
817,9321,501,9804,1555
818,9804,0,10382,501
819,14981,10082,16276,11828
820,14981,11828,16276,12809
821,16276,10082,17675,11828
822,14981,17347,15822,19063
823,14981,19063,15822,20000
824,15822,17347,17114,19063
825,0,7538,1157,8807
826,0,8807,1157,10082
827,1157,7538,2683,8807
828,13067,0,14262,966
829,13067,966,14262,2056
830,14262,0,15000,966
831,15515,0,17699,2842
832,15515,2842,17699,5434
833,17699,0,20000,2842
834,14981,18935,15464,19685
835,14981,19685,15464,20000
836,15464,18935,15985,19685
837,10382,15611,11446,16203
838,10382,16203,11446,17119
839,11446,15611,11933,16203
840,15515,2578,16691,3918
841,15515,3918,16691,5434
842,16691,2578,17701,3918
843,13050,0,13952,1269
844,13050,1269,13952,2560
845,13952,0,15000,1269
846,15000,3721,15839,4000
847,15000,4000,15839,4722
848,15839,3721,16024,4000
849,2819,4992,4127,6664
850,2819,6664,4127,7583
851,4127,4992,5534,6664
852,11373,14766,11776,15246
853,11373,15246,11776,15959
854,11776,14766,12779,15246
855,12737,4722,13556,6296
856,12737,6296,13556,7485
857,13556,4722,15000,6296
858,8144,0,8898,429
859,8144,429,8898,1555
860,8898,0,9321,429
861,10382,0,12924,2870
862,10382,2870,12924,5396
863,12924,0,15262,2870
864,14981,10082,16266,11629
865,14981,11629,16266,12809
866,16266,10082,17675,11629
867,10382,16301,11039,17216
868,10382,17216,11039,17651
869,11039,16301,11524,17216
870,15515,0,16234,883
871,15515,883,16234,1349
872,16234,0,16678,883
873,14981,17347,15839,17854
874,14981,17854,15839,18935
875,15839,17347,15985,17854
876,1007,4992,1760,5397
877,1007,5397,1760,6534
878,1760,4992,2459,5397
879,17699,0,19154,1196
880,17699,1196,19154,2842
881,19154,0,20000,1196
882,9019,0,9941,777
883,9019,777,9941,1394
884,9941,0,10382,777
885,10382,6263,11127,6745
886,10382,6745,11127,7485
887,11127,6263,11745,6745
888,10382,4395,10601,5006
889,10382,5006,10601,5434
890,10601,4395,11426,5006
891,15000,0,15783,1467
892,15000,1467,15783,2385
893,15783,0,17340,1467
894,15000,3700,15383,3958
895,15000,3958,15383,4722
896,15383,3700,16487,3958
897,10382,5396,12551,7922
898,10382,7922,12551,10082
899,12551,5396,15262,7922
900,17114,14766,18172,15048
901,17114,15048,18172,16051
902,18172,14766,18681,15048
903,0,4992,1525,6629
904,0,6629,1525,7583
905,1525,4992,2819,6629
906,14089,0,14564,832
907,14089,832,14564,1514
908,14564,0,15098,832
909,5534,2447,6305,3460
910,5534,3460,6305,4992
911,6305,2447,7731,3460
912,12871,0,13085,1013
913,12871,1013,13085,1514
914,13085,0,14089,1013
915,10382,4774,11011,5607
916,10382,5607,11011,6058
917,11011,4774,11693,5607
918,10382,14766,11103,15545
919,10382,15545,11103,15961
920,11103,14766,11803,15545
921,10382,4722,11380,5998
922,10382,5998,11380,7485
923,11380,4722,12737,5998
924,15515,2578,16651,4271
925,15515,4271,16651,5434
926,16651,2578,17701,4271
927,14981,18935,15433,19107
928,14981,19107,15433,20000
929,15433,18935,15985,19107
930,15098,0,17474,2449
931,15098,2449,17474,4774
932,17474,0,20000,2449
933,10382,0,12384,2420
934,10382,2420,12384,4774
935,12384,0,15098,2420
936,10382,6426,10826,7298
937,10382,7298,10826,7656
938,10826,6426,11399,7298
939,14981,10980,16018,11519
940,14981,11519,16018,12570
941,16018,10980,16313,11519
942,1259,0,2183,818
943,1259,818,2183,1474
944,2183,0,2913,818
945,12737,4722,13645,6347
946,12737,6347,13645,7485
947,13645,4722,15000,6347
948,14981,14766,16272,15715
949,14981,15715,16272,17347
950,16272,14766,17114,15715
951,2459,4992,4036,6310
952,2459,6310,4036,7934
953,4036,4992,5534,6310
954,10382,14766,10950,15617
955,10382,15617,10950,16599
956,10950,14766,11936,15617
957,11606,0,12105,884
958,11606,884,12105,1758
959,12105,0,13009,884
960,17535,912,17888,1515
961,17535,1515,17888,1962
962,17888,912,18544,1515
963,10382,1201,10797,1983
964,10382,1983,10797,2560
965,10797,1201,11452,1983
966,18589,17347,19113,17798
967,18589,17798,19113,18772
968,19113,17347,20000,17798
969,14089,0,14602,980
970,14089,980,14602,1514
971,14602,0,15098,980
972,14981,18935,15332,19601
973,14981,19601,15332,20000
974,15332,18935,15985,19601
975,2819,4992,3452,5832
976,2819,5832,3452,6491
977,3452,4992,4324,5832
978,10382,3529,10888,4494
979,10382,4494,10888,4774
980,10888,3529,11799,4494
981,0,10082,2767,13073
982,0,13073,2767,15398
983,2767,10082,4998,13073
984,4934,0,8011,2634
985,4934,2634,8011,4881
986,8011,0,10382,2634
987,5534,2505,6498,3455
988,5534,3455,6498,4134
989,6498,2505,6782,3455
990,3883,4992,4871,5579
991,3883,5579,4871,6254
992,4871,4992,5534,5579
993,1227,0,2353,778
994,1227,778,2353,1565
995,2353,0,2913,778
996,10382,4722,11222,6218
997,10382,6218,11222,7485
998,11222,4722,12737,6218
999,1217,0,1992,789
1000,1217,789,1992,1167
1001,1992,0,2913,789
1002,13186,0,14350,1499
1003,13186,1499,14350,2674
1004,14350,0,15515,1499
1005,14981,11330,15366,12057
1006,14981,12057,15366,12570
1007,15366,11330,16494,12057
1008,1227,0,1968,1012
1009,1227,1012,1968,1565
1010,1968,0,2913,1012
1011,10382,2560,11630,3480
1012,10382,3480,11630,4722
1013,11630,2560,13050,3480
1014,12871,0,13876,887
1015,12871,887,13876,1514
1016,13876,0,14089,887
1017,15923,14766,16594,15616
1018,15923,15616,16594,16286
1019,16594,14766,17114,15616
1020,10382,15961,10738,17001
1021,10382,17001,10738,17477
1022,10738,15961,11803,17001
1023,16024,1962,16614,2539
1024,16024,2539,16614,3721
1025,16614,1962,17535,2539
1026,0,5283,1652,6460
1027,0,6460,1652,7538
1028,1652,5283,2683,6460
1029,1157,7538,1953,8342
1030,1157,8342,1953,8807
1031,1953,7538,2683,8342
1032,5534,0,6236,264
1033,5534,264,6236,1007
1034,6236,0,6934,264
1035,13050,0,13672,1613
1036,13050,1613,13672,2560
1037,13672,0,15000,1613
1038,12779,16006,13114,16884
1039,12779,16884,13114,17651
1040,13114,16006,14050,16884
1041,10382,2443,10968,3126
1042,10382,3126,10968,3529
1043,10968,2443,11799,3126
1044,17340,0,18387,829
1045,17340,829,18387,2385
1046,18387,0,20000,829
1047,3883,4992,4188,5387
1048,3883,5387,4188,5996
1049,4188,4992,4912,5387
1050,1334,0,2487,515
1051,1334,515,2487,1305
1052,2487,0,2914,515
1053,12737,4722,14090,5886
1054,12737,5886,14090,7485
1055,14090,4722,15000,5886
1056,10382,1201,11039,1926
1057,10382,1926,11039,2560
1058,11039,1201,11452,1926
1059,3867,0,4633,746
1060,3867,746,4633,1025
1061,4633,0,5534,746
1062,0,4992,1306,6068
1063,0,6068,1306,7934
1064,1306,4992,2459,6068
1065,11452,0,12119,453
1066,11452,453,12119,1201
1067,12119,0,13050,453
1068,10382,17651,10710,18343
1069,10382,18343,10710,18854
1070,10710,17651,11789,18343
1071,14981,10082,15901,10738
1072,14981,10738,15901,11094
1073,15901,10082,16445,10738
1074,10382,14766,11025,15520
1075,10382,15520,11025,16301
1076,11025,14766,11524,15520
1077,10382,7485,11222,8785
1078,10382,8785,11222,10082
1079,11222,7485,12737,8785
1080,10382,0,11399,995
1081,10382,995,11399,2674
1082,11399,0,13186,995
1083,1418,2382,2539,3153
1084,1418,3153,2539,3916
1085,2539,2382,2913,3153
1086,4934,2634,6561,3577
1087,4934,3577,6561,4881
1088,6561,2634,8011,3577
1089,18373,0,18800,517
1090,18373,517,18800,1544
1091,18800,0,20000,517
1092,4934,2634,6192,3640
1093,4934,3640,6192,4881
1094,6192,2634,8011,3640
1095,11606,0,12340,513
1096,11606,513,12340,1758
1097,12340,0,13009,513
1098,15098,0,17273,2681
1099,15098,2681,17273,4774
1100,17273,0,20000,2681
1101,10382,14766,10697,15512
1102,10382,15512,10697,16301
1103,10697,14766,11524,15512
1104,10382,17651,11377,18364
1105,10382,18364,11377,19017
1106,11377,17651,11933,18364
1107,16651,2578,17092,3655
1108,16651,3655,17092,4271
1109,17092,2578,17701,3655
1110,2913,0,3946,1449
1111,2913,1449,3946,2382
1112,3946,0,5534,1449
1113,0,5283,1126,6063
1114,0,6063,1126,6460
1115,1126,5283,1652,6063
1116,10382,6426,10726,7237
1117,10382,7237,10726,7656
1118,10726,6426,11399,7237
1119,1418,2382,1862,2793
1120,1418,2793,1862,3916
1121,1862,2382,2913,2793
1122,14981,14766,15177,15220
1123,14981,15220,15177,16217
1124,15177,14766,16010,15220
1125,10382,0,11433,919
1126,10382,919,11433,2056
1127,11433,0,13067,919
1128,3984,4992,5092,5995
1129,3984,5995,5092,6396
1130,5092,4992,5534,5995
1131,10382,0,11918,1397
1132,10382,1397,11918,2870
1133,11918,0,12924,1397
1134,3883,4992,5072,5911
1135,3883,5911,5072,6254
1136,5072,4992,5534,5911
1137,0,15398,2220,17901
1138,0,17901,2220,20000
1139,2220,15398,4998,17901
1140,0,5283,963,6496
1141,0,6496,963,7538
1142,963,5283,2683,6496
1143,2819,6254,3454,6969
1144,2819,6969,3454,7583
1145,3454,6254,3883,6969
1146,15515,0,16200,987
1147,15515,987,16200,1349
1148,16200,0,16678,987
1149,15000,1962,15458,2984
1150,15000,2984,15458,3340
1151,15458,1962,16293,2984
1152,14981,10082,15424,10573
1153,14981,10573,15424,11629
1154,15424,10082,16266,10573
1155,15098,2449,16547,3638
1156,15098,3638,16547,4774
1157,16547,2449,17474,3638
1158,17340,0,18583,822
1159,17340,822,18583,2385
1160,18583,0,20000,822
1161,10382,4722,10723,5421
1162,10382,5421,10723,6263
1163,10723,4722,11745,5421
1164,10382,3424,11155,4349
1165,10382,4349,11155,4774
1166,11155,3424,11778,4349
1167,0,4992,1112,6271
1168,0,6271,1112,7583
1169,1112,4992,2819,6271
1170,963,5283,1692,5985
1171,963,5985,1692,6496
1172,1692,5283,2683,5985
1173,10382,3480,10740,4331
1174,10382,4331,10740,4722
1175,10740,3480,11630,4331
1176,10382,5434,12138,6596
1177,10382,6596,12138,7656
1178,12138,5434,13211,6596
1179,10382,14766,12399,17735
1180,10382,17735,12399,20000
1181,12399,14766,14981,17735
1182,0,13073,1522,14221
1183,0,14221,1522,15398
1184,1522,13073,2767,14221
1185,12737,5886,13210,6721
1186,12737,6721,13210,7485
1187,13210,5886,14090,6721
1188,17114,15707,17765,16562
1189,17114,16562,17765,17347
1190,17765,15707,18907,16562
1191,10382,0,10598,866
1192,10382,866,10598,1758
1193,10598,0,11606,866
1194,4500,0,4900,344
1195,4500,344,4900,1107
1196,4900,0,5534,344
1197,11222,7485,12279,8493
1198,11222,8493,12279,8785
1199,12279,7485,12737,8493
1200,15515,2813,15807,3468
1201,15515,3468,15807,4266
1202,15807,2813,16820,3468
1203,15000,1962,16112,3704
1204,15000,3704,16112,4722
1205,16112,1962,17535,3704
1206,17535,0,18289,377
1207,17535,377,18289,1316
1208,18289,0,18731,377
1209,10382,0,15058,4700
1210,10382,4700,15058,10082
1211,15058,0,20000,4700
1212,0,4992,194,5403
1213,0,5403,194,6534
1214,194,4992,1007,5403
1215,4036,4992,4411,5650
1216,4036,5650,4411,6310
1217,4411,4992,5534,5650
1218,12779,14766,12933,15371
1219,12779,15371,12933,16228
1220,12933,14766,13885,15371
1221,15262,0,17800,2394
1222,15262,2394,17800,5396
1223,17800,0,20000,2394
1224,10382,14766,11139,15248
1225,10382,15248,11139,16301
1226,11139,14766,11524,15248
1227,16024,1962,16700,3093
1228,16024,3093,16700,3721
1229,16700,1962,17535,3093
1230,10382,2560,10761,3293
1231,10382,3293,10761,3698
1232,10761,2560,11587,3293
1233,16445,10082,16944,10304
1234,16445,10304,16944,11094
1235,16944,10082,17861,10304
1236,0,15398,1379,16810
1237,0,16810,1379,17901
1238,1379,15398,2220,16810
1239,12819,14766,13626,15849
1240,12819,15849,13626,17119
1241,13626,14766,14981,15849
1242,17340,829,17538,1980
1243,17340,1980,17538,2385
1244,17538,829,18387,1980
1245,18861,0,19205,876
1246,18861,876,19205,1306
1247,19205,0,20000,876
1248,10382,18854,11334,19098
1249,10382,19098,11334,20000
1250,11334,18854,11789,19098
1251,10382,7656,11462,9113
1252,10382,9113,11462,10082
1253,11462,7656,13211,9113
1254,15515,4266,15910,4994
1255,15515,4994,15910,5434
1256,15910,4266,16820,4994
1257,15515,4271,15935,5243
1258,15515,5243,15935,5434
1259,15935,4271,16651,5243
1260,15000,0,15871,1469
1261,15000,1469,15871,2329
1262,15871,0,17403,1469
1263,10382,4774,10736,5099
1264,10382,5099,10736,6058
1265,10736,4774,11693,5099
1266,2914,0,4015,1004
1267,2914,1004,4015,2440
1268,4015,0,5534,1004
1269,0,2440,1199,4103
1270,0,4103,1199,4992
1271,1199,2440,2914,4103
1272,14981,10082,15521,11198
1273,14981,11198,15521,11629
1274,15521,10082,16266,11198
1275,15000,3340,15673,4146
1276,15000,4146,15673,4722
1277,15673,3340,16293,4146
1278,14981,11094,15380,11740
1279,14981,11740,15380,12570
1280,15380,11094,16445,11740
1281,12779,14766,13756,15829
1282,12779,15829,13756,17651
1283,13756,14766,14981,15829
1284,12779,14766,13005,15095
1285,12779,15095,13005,15900
1286,13005,14766,13886,15095
1287,10382,0,12359,2503
1288,10382,2503,12359,4722
1289,12359,0,15000,2503
1290,10382,17651,11418,18686
1291,10382,18686,11418,19017
1292,11418,17651,11933,18686
1293,17800,0,18727,1540
1294,17800,1540,18727,2394
1295,18727,0,20000,1540
1296,16651,2578,16837,3039
1297,16651,3039,16837,4271
1298,16837,2578,17701,3039
1299,10382,14766,10983,15559
1300,10382,15559,10983,16301
1301,10983,14766,11524,15559
1302,10382,14766,11712,16270
1303,10382,16270,11712,17119
1304,11712,14766,12819,16270
1305,5534,0,6691,978
1306,5534,978,6691,2350
1307,6691,0,8271,978
1308,10382,2503,11458,3329
1309,10382,3329,11458,4722
1310,11458,2503,12359,3329
1311,3946,0,4647,1084
1312,3946,1084,4647,1449
1313,4647,0,5534,1084
1314,1227,0,2397,787
1315,1227,787,2397,1565
1316,2397,0,2913,787
1317,15515,2578,15884,3111
1318,15515,3111,15884,3761
1319,15884,2578,16683,3111
1320,18589,17347,19578,18194
1321,18589,18194,19578,18772
1322,19578,17347,20000,18194
1323,6305,2447,7019,2936
1324,6305,2936,7019,3460
1325,7019,2447,7731,2936
1326,14981,14766,15118,15641
1327,14981,15641,15118,16029
1328,15118,14766,16026,15641
1329,0,5283,1285,6436
1330,0,6436,1285,7315
1331,1285,5283,2618,6436
1332,10382,4774,11267,5057
1333,10382,5057,11267,6058
1334,11267,4774,11693,5057
1335,14981,10082,16402,11371
1336,14981,11371,16402,12570
1337,16402,10082,17861,11371
1338,1227,0,1796,1161
1339,1227,1161,1796,1565
1340,1796,0,2913,1161
1341,12551,5396,14267,6293
1342,12551,6293,14267,7922
1343,14267,5396,15262,6293
1344,11702,5434,12282,5797
1345,11702,5797,12282,6616
1346,12282,5434,13211,5797
1347,14981,11629,15476,12471
1348,14981,12471,15476,12809
1349,15476,11629,16266,12471
1350,0,4992,115,5626
1351,0,5626,115,6534
1352,115,4992,1007,5626
1353,0,5283,948,6224
1354,0,6224,948,7491
1355,948,5283,2199,6224
1356,15000,1962,16042,3437
1357,15000,3437,16042,4722
1358,16042,1962,17535,3437
1359,15000,3340,15645,4099
1360,15000,4099,15645,4722
1361,15645,3340,16293,4099
1362,0,7538,1370,8504
1363,0,8504,1370,10082
1364,1370,7538,2683,8504
1365,5534,905,5777,1786
1366,5534,1786,5777,2447
1367,5777,905,6708,1786
1368,10382,7922,11642,8912
1369,10382,8912,11642,10082
1370,11642,7922,12551,8912
1371,11712,14766,12152,15608
1372,11712,15608,12152,16270
1373,12152,14766,12819,15608
1374,0,2382,1146,3703
1375,0,3703,1146,4992
1376,1146,2382,2913,3703
1377,9019,0,10015,377
1378,9019,377,10015,1394
1379,10015,0,10382,377
1380,12551,5396,13645,6851
1381,12551,6851,13645,7922
1382,13645,5396,15262,6851
1383,15000,0,16403,879
1384,15000,879,16403,2385
1385,16403,0,17340,879
1386,8144,0,9100,749
1387,8144,749,9100,1555
1388,9100,0,9321,749
1389,16010,14766,16947,15800
1390,16010,15800,16947,16217
1391,16947,14766,17114,15800
1392,15515,0,17542,2547
1393,15515,2547,17542,5434
1394,17542,0,20000,2547
1395,11712,14766,12613,15190
1396,11712,15190,12613,16270
1397,12613,14766,12819,15190
1398,18861,0,19539,338
1399,18861,338,19539,1306
1400,19539,0,20000,338
1401,2914,1351,3256,1803
1402,2914,1803,3256,2440
1403,3256,1351,4366,1803
1404,2914,1004,3268,1766
1405,2914,1766,3268,2440
1406,3268,1004,4015,1766
1407,17426,0,19085,1038
1408,17426,1038,19085,2729
1409,19085,0,20000,1038
1410,10382,4722,11345,5095
1411,10382,5095,11345,6263
1412,11345,4722,11745,5095
1413,15515,4095,16180,4786
1414,15515,4786,16180,5434
1415,16180,4095,16913,4786
1416,4934,3640,5695,4581
1417,4934,4581,5695,4881
1418,5695,3640,6192,4581
1419,14981,17347,16192,18284
1420,14981,18284,16192,20000
1421,16192,17347,17114,18284
1422,11426,2674,12663,3637
1423,11426,3637,12663,4395
1424,12663,2674,13186,3637
1425,0,0,672,408
1426,0,408,672,1474
1427,672,0,1259,408
1428,13756,14766,14623,15601
1429,13756,15601,14623,15829
1430,14623,14766,14981,15601
1431,0,0,2597,2793
1432,0,2793,2597,5283
1433,2597,0,5069,2793
1434,0,17901,841,19019
1435,0,19019,841,20000
1436,841,17901,2220,19019
1437,1157,7538,2175,8458
1438,1157,8458,2175,8807
1439,2175,7538,2683,8458
1440,10382,0,12356,2445
1441,10382,2445,12356,4722
1442,12356,0,15000,2445
1443,10382,2674,12108,4419
1444,10382,4419,12108,5434
1445,12108,2674,13186,4419
1446,18294,14766,18777,15481
1447,18294,15481,18777,15911
1448,18777,14766,20000,15481
1449,10382,0,11354,1131
1450,10382,1131,11354,2220
1451,11354,0,12509,1131
1452,1334,0,2014,610
1453,1334,610,2014,1305
1454,2014,0,2914,610
1455,11380,4722,12079,5715
1456,11380,5715,12079,5998
1457,12079,4722,12737,5715
1458,14981,14766,15834,15414
1459,14981,15414,15834,16217
1460,15834,14766,16010,15414
1461,1525,4992,1880,6196
1462,1525,6196,1880,6629
1463,1880,4992,2819,6196
1464,18681,14766,19435,15527
1465,18681,15527,19435,16051
1466,19435,14766,20000,15527
1467,15515,0,18019,2498
1468,15515,2498,18019,5434
1469,18019,0,20000,2498
1470,14981,13269,15775,13910
1471,14981,13910,15775,14766
1472,15775,13269,16810,13910
1473,15000,3340,15300,4060
1474,15000,4060,15300,4722
1475,15300,3340,16293,4060
1476,15515,0,16055,968
1477,15515,968,16055,1509
1478,16055,0,16929,968
1479,13085,0,13273,268
1480,13085,268,13273,1013
1481,13273,0,14089,268
1482,5534,2447,6679,3421
1483,5534,3421,6679,4992
1484,6679,2447,7731,3421
1485,10382,18854,10794,19737
1486,10382,19737,10794,20000
1487,10794,18854,11789,19737
1488,10382,8912,10617,9730
1489,10382,9730,10617,10082
1490,10617,8912,11642,9730
1491,14981,18284,15637,18874
1492,14981,18874,15637,20000
1493,15637,18284,16192,18874
1494,12551,6851,13286,6994
1495,12551,6994,13286,7922
1496,13286,6851,13645,6994
1497,18681,14766,19656,15198
1498,18681,15198,19656,16051
1499,19656,14766,20000,15198
1500,0,10082,5440,14782
1501,0,14782,5440,20000
1502,5440,10082,10382,14782
1503,14981,10082,16308,11718
1504,14981,11718,16308,12809
1505,16308,10082,17675,11718
1506,10382,14766,11241,16415
1507,10382,16415,11241,17735
1508,11241,14766,12399,16415
1509,0,0,5272,5070
1510,0,5070,5272,10082
1511,5272,0,10382,5070
1512,15515,0,15882,471
1513,15515,471,15882,1349
1514,15882,0,16678,471
1515,17114,15048,17563,15904
1516,17114,15904,17563,16051
1517,17563,15048,18172,15904
1518,0,5283,2567,7773
1519,0,7773,2567,10082
1520,2567,5283,5069,7773
1521,17426,1038,18456,1942
1522,17426,1942,18456,2729
1523,18456,1038,19085,1942
1524,10382,0,11382,973
1525,10382,973,11382,2560
1526,11382,0,13050,973
1527,8144,0,9504,1495
1528,8144,1495,9504,2505
1529,9504,0,10382,1495
1530,14350,0,15162,613
1531,14350,613,15162,1499
1532,15162,0,15515,613
1533,10382,15611,11115,16309
1534,10382,16309,11115,17119
1535,11115,15611,11933,16309
1536,5534,2350,6518,3898
1537,5534,3898,6518,4992
1538,6518,2350,8271,3898
1539,12871,0,14100,958
1540,12871,958,14100,2443
1541,14100,0,15098,958
1542,0,0,2432,2452
1543,0,2452,2432,4992
1544,2432,0,5534,2452
1545,11702,5434,12815,6395
1546,11702,6395,12815,6616
1547,12815,5434,13211,6395
1548,2914,0,3525,238
1549,2914,238,3525,1004
1550,3525,0,4015,238
1551,0,5283,1119,6769
1552,0,6769,1119,7773
1553,1119,5283,2567,6769
1554,14981,16217,15679,16433
1555,14981,16433,15679,17347
1556,15679,16217,16010,16433
1557,17535,0,18036,876
1558,17535,876,18036,1260
1559,18036,0,19060,876
1560,15000,1962,16178,3272
1561,15000,3272,16178,4722
1562,16178,1962,17535,3272
1563,11426,2674,12315,3650
1564,11426,3650,12315,4395
1565,12315,2674,13186,3650
1566,2819,6254,3461,6797
1567,2819,6797,3461,7583
1568,3461,6254,3883,6797
1569,0,0,1211,1658
1570,0,1658,1211,2793
1571,1211,0,2597,1658
1572,14981,18935,15559,19144
1573,14981,19144,15559,20000
1574,15559,18935,15985,19144
1575,1525,4992,2542,5922
1576,1525,5922,2542,6629
1577,2542,4992,2819,5922
1578,1112,4992,1793,5659
1579,1112,5659,1793,6271
1580,1793,4992,2819,5659
1581,17273,0,18392,1205
1582,17273,1205,18392,2681
1583,18392,0,20000,1205
1584,5534,978,6396,1418
1585,5534,1418,6396,2350
1586,6396,978,6691,1418
1587,17273,0,17592,536
1588,17273,536,17592,1205
1589,17592,0,18392,536
1590,10382,2870,11958,3741
1591,10382,3741,11958,5396
1592,11958,2870,12924,3741
1593,14981,18935,15337,19249
1594,14981,19249,15337,20000
1595,15337,18935,15985,19249
1596,11373,14766,12163,15205
1597,11373,15205,12163,15959
1598,12163,14766,12779,15205
1599,15515,2813,16057,3570
1600,15515,3570,16057,4266
1601,16057,2813,16820,3570
1602,5534,0,5820,790
1603,5534,790,5820,1243
1604,5820,0,6619,790
1605,5534,905,5994,1340
1606,5534,1340,5994,2447
1607,5994,905,6708,1340
1608,3972,0,4695,906
1609,3972,906,4695,1614
1610,4695,0,5534,906
1611,2819,6474,3511,6859
1612,2819,6859,3511,7583
1613,3511,6474,4179,6859
1614,15098,2449,15853,2923
1615,15098,2923,15853,3638
1616,15853,2449,16547,2923
1617,10382,919,10998,1682
1618,10382,1682,10998,2056
1619,10998,919,11433,1682
1620,10382,17651,11400,18482
1621,10382,18482,11400,19017
1622,11400,17651,11933,18482
1623,15000,3340,15402,3774
1624,15000,3774,15402,4722
1625,15402,3340,16293,3774
1626,10382,15611,10928,16228
1627,10382,16228,10928,17119
1628,10928,15611,11933,16228
1629,15000,0,16388,1411
1630,15000,1411,16388,2329
1631,16388,0,17403,1411
1632,15783,0,16219,662
1633,15783,662,16219,1467
1634,16219,0,17340,662
1635,10382,919,10570,1225
1636,10382,1225,10570,2056
1637,10570,919,11433,1225
1638,13645,4722,14571,5210
1639,13645,5210,14571,6347
1640,14571,4722,15000,5210
1641,12819,14766,13714,16312
1642,12819,16312,13714,17119
1643,13714,14766,14981,16312
1644,5534,0,6865,915
1645,5534,915,6865,2350
1646,6865,0,8271,915
1647,0,2440,571,3422
1648,0,3422,571,4008
1649,571,2440,1419,3422
1650,12384,0,13400,1146
1651,12384,1146,13400,2420
1652,13400,0,15098,1146
1653,15515,1349,16458,1746
1654,15515,1746,16458,2813
1655,16458,1349,16678,1746
1656,18373,0,19453,919
1657,18373,919,19453,1544
1658,19453,0,20000,919
1659,15515,1509,16505,2223
1660,15515,2223,16505,2813
1661,16505,1509,16929,2223
1662,9321,0,9908,459
1663,9321,459,9908,1555
1664,9908,0,10382,459
1665,14981,10082,16132,11437
1666,14981,11437,16132,12570
1667,16132,10082,17861,11437
1668,10382,0,11299,1320
1669,10382,1320,11299,2503
1670,11299,0,12359,1320
1671,13067,0,13815,1055
1672,13067,1055,13815,2056
1673,13815,0,15000,1055
1674,17535,0,18433,1275
1675,17535,1275,18433,1962
1676,18433,0,20000,1275
1677,6934,0,7757,827
1678,6934,827,7757,1007
1679,7757,0,8271,827
1680,13714,14766,14309,15793
1681,13714,15793,14309,16312
1682,14309,14766,14981,15793
1683,0,8807,616,9153
1684,0,9153,616,10082
1685,616,8807,1157,9153
1686,15262,2642,16540,4256
1687,15262,4256,16540,5396
1688,16540,2642,17521,4256
1689,15000,3704,15865,4500
1690,15000,4500,15865,4722
1691,15865,3704,16112,4500
1692,10382,6596,11603,6762
1693,10382,6762,11603,7656
1694,11603,6596,12138,6762
1695,4127,4992,4648,5658
1696,4127,5658,4648,6664
1697,4648,4992,5534,5658
1698,15000,1962,15449,2512
1699,15000,2512,15449,3721
1700,15449,1962,16024,2512
1701,10382,0,11662,1481
1702,10382,1481,11662,2560
1703,11662,0,13050,1481
1704,12551,6293,13389,6972
1705,12551,6972,13389,7922
1706,13389,6293,14267,6972
1707,10382,15611,11409,16502
1708,10382,16502,11409,17119
1709,11409,15611,11933,16502
1710,1227,0,1819,464
1711,1227,464,1819,1565
1712,1819,0,2913,464
1713,16010,14766,16375,15190
1714,16010,15190,16375,16217
1715,16375,14766,17114,15190
1716,18727,0,19150,656
1717,18727,656,19150,1540
1718,19150,0,20000,656
1719,2914,0,3838,286
1720,2914,286,3838,1351
1721,3838,0,4366,286
1722,2220,15398,3445,16719
1723,2220,16719,3445,17901
1724,3445,15398,4998,16719
1725,17535,912,17869,1518
1726,17535,1518,17869,1962
1727,17869,912,18544,1518
1728,5534,0,6483,1055
1729,5534,1055,6483,2447
1730,6483,0,7731,1055
1731,2819,5903,3423,6873
1732,2819,6873,3423,7583
1733,3423,5903,3832,6873
1734,17699,1196,18504,1841
1735,17699,1841,18504,2842
1736,18504,1196,19154,1841
1737,10382,2220,11107,3189
1738,10382,3189,11107,4774
1739,11107,2220,12509,3189
1740,15515,2578,16802,4314
1741,15515,4314,16802,5434
1742,16802,2578,17701,4314
1743,10382,2420,11726,3508
1744,10382,3508,11726,4774
1745,11726,2420,12384,3508
1746,5534,1243,6015,1921
1747,5534,1921,6015,2447
1748,6015,1243,6619,1921
1749,16683,2578,17462,2936
1750,16683,2936,17462,3761
1751,17462,2578,17701,2936
1752,16388,0,16555,675
1753,16388,675,16555,1411
1754,16555,0,17403,675
1755,13756,14766,14465,15269
1756,13756,15269,14465,15829
1757,14465,14766,14981,15269
1758,10382,17119,11771,18735
1759,10382,18735,11771,20000
1760,11771,17119,12819,18735
1761,1157,7538,1894,8569
1762,1157,8569,1894,8807
1763,1894,7538,2683,8569
1764,8144,0,8949,653
1765,8144,653,8949,1495
1766,8949,0,9504,653
1767,2220,15398,2494,16096
1768,2220,16096,2494,16719
1769,2494,15398,3445,16096
1770,2567,5283,3559,6845
1771,2567,6845,3559,7773
1772,3559,5283,5069,6845
1773,0,2382,1103,3440
1774,0,3440,1103,3916
1775,1103,2382,1418,3440
1776,10382,2674,12018,3750
1777,10382,3750,12018,5434
1778,12018,2674,13186,3750
1779,10382,2503,11426,3261
1780,10382,3261,11426,4722
1781,11426,2503,12359,3261
1782,10382,3480,10931,3756
1783,10382,3756,10931,4722
1784,10931,3480,11630,3756
1785,10382,17119,11989,18451
1786,10382,18451,11989,20000
1787,11989,17119,12819,18451
1788,16293,1962,16835,2543
1789,16293,2543,16835,3340
1790,16835,1962,17535,2543
1791,17426,0,17877,372
1792,17426,372,17877,1038
1793,17877,0,19085,372
1794,13050,0,14144,1556
1795,13050,1556,14144,2560
1796,14144,0,15000,1556
1797,14981,11094,15477,11479
1798,14981,11479,15477,12570
1799,15477,11094,16445,11479
1800,10382,2674,11861,4117
1801,10382,4117,11861,5434
1802,11861,2674,13186,4117
1803,17114,14766,18557,16453
1804,17114,16453,18557,17347
1805,18557,14766,20000,16453
1806,0,4992,2868,7478
1807,0,7478,2868,10082
1808,2868,4992,5534,7478
1809,4500,0,5127,773
1810,4500,773,5127,1107
1811,5127,0,5534,773
1812,13714,14766,14691,15563
1813,13714,15563,14691,16312
1814,14691,14766,14981,15563
1815,15000,0,17313,2176
1816,15000,2176,17313,4722
1817,17313,0,20000,2176
1818,0,4992,419,5459
1819,0,5459,419,6068
1820,419,4992,1306,5459
1821,12754,14766,13940,15965
1822,12754,15965,13940,17477
1823,13940,14766,14981,15965
1824,14981,16217,15433,16425
1825,14981,16425,15433,17347
1826,15433,16217,16010,16425
1827,2819,4992,4442,6434
1828,2819,6434,4442,7583
1829,4442,4992,5534,6434
1830,11222,7485,11382,7662
1831,11222,7662,11382,8493
1832,11382,7485,12279,7662
1833,14981,10082,17679,12033
1834,14981,12033,17679,14766
1835,17679,10082,20000,12033
1836,11360,14766,12426,15538
1837,11360,15538,12426,16432
1838,12426,14766,12754,15538
1839,0,2382,1711,3323
1840,0,3323,1711,4992
1841,1711,2382,2913,3323
1842,15515,2578,15811,2976
1843,15515,2976,15811,3918
1844,15811,2578,16691,2976
1845,1522,13073,2240,13429
1846,1522,13429,2240,14221
1847,2240,13073,2767,13429
1848,10382,2445,11650,3585
1849,10382,3585,11650,4722
1850,11650,2445,12356,3585
1851,2819,6434,4023,6687
1852,2819,6687,4023,7583
1853,4023,6434,4442,6687
1854,15515,2578,15811,3580
1855,15515,3580,15811,4271
1856,15811,2578,16651,3580
1857,14981,10082,15234,11035
1858,14981,11035,15234,11828
1859,15234,10082,16276,11035
1860,0,0,842,532
1861,0,532,842,1565
1862,842,0,1227,532
1863,16691,2578,16898,2901
1864,16691,2901,16898,3918
1865,16898,2578,17701,2901
1866,16266,10082,16718,11079
1867,16266,11079,16718,11629
1868,16718,10082,17675,11079
1869,0,4992,1823,6182
1870,0,6182,1823,7478
1871,1823,4992,2868,6182
1872,15098,2681,15785,3441
1873,15098,3441,15785,4774
1874,15785,2681,17273,3441
1875,12779,16006,13079,17086
1876,12779,17086,13079,17651
1877,13079,16006,14050,17086
1878,16293,1962,17033,2446
1879,16293,2446,17033,3340
1880,17033,1962,17535,2446
1881,10382,6616,11077,7077
1882,10382,7077,11077,7656
1883,11077,6616,11702,7077
1884,15000,3437,15287,3680
1885,15000,3680,15287,4722
1886,15287,3437,16042,3680
1887,5272,0,8100,2391
1888,5272,2391,8100,5070
1889,8100,0,10382,2391
1890,15515,4266,16438,5042
1891,15515,5042,16438,5434
1892,16438,4266,16820,5042
1893,11918,0,12638,931
1894,11918,931,12638,1397
1895,12638,0,12924,931
1896,13672,0,14408,597
1897,13672,597,14408,1613
1898,14408,0,15000,597
1899,0,15398,2887,18069
1900,0,18069,2887,20000
1901,2887,15398,4998,18069
1902,14981,11330,15754,11711
1903,14981,11711,15754,12570
1904,15754,11330,16494,11711
1905,0,14782,2717,17186
1906,0,17186,2717,20000
1907,2717,14782,5440,17186
1908,2914,0,4047,1088
1909,2914,1088,4047,2440
1910,4047,0,5534,1088
1911,0,5283,669,6409
1912,0,6409,669,6769
1913,669,5283,1119,6409
1914,2618,5283,3897,6458
1915,2618,6458,3897,7315
1916,3897,5283,5069,6458
1917,10382,2674,11559,3798
1918,10382,3798,11559,5434
1919,11559,2674,13186,3798
1920,3445,15398,4372,16247
1921,3445,16247,4372,16719
1922,4372,15398,4998,16247
1923,10382,2445,11038,2889
1924,10382,2889,11038,3585
1925,11038,2445,11650,2889
1926,14981,10082,15784,10382
1927,14981,10382,15784,11330
1928,15784,10082,16494,10382
1929,10382,14766,11476,15929
1930,10382,15929,11476,17119
1931,11476,14766,12819,15929
1932,15515,2813,16033,3800
1933,15515,3800,16033,4095
1934,16033,2813,16913,3800
1935,16487,1962,17115,2916
1936,16487,2916,17115,3700
1937,17115,1962,17535,2916
1938,10382,2762,11864,3972
1939,10382,3972,11864,5434
1940,11864,2762,13009,3972
1941,15000,3340,15443,3926
1942,15000,3926,15443,4722
1943,15443,3340,16293,3926
1944,15000,3272,15636,4379
1945,15000,4379,15636,4722
1946,15636,3272,16178,4379
1947,12779,14766,13715,15823
1948,12779,15823,13715,16228
1949,13715,14766,13885,15823
1950,17701,0,18081,997
1951,17701,997,18081,1306
1952,18081,0,18861,997
1953,11799,2443,12124,2807
1954,11799,2807,12124,3529
1955,12124,2443,12871,2807
1956,17474,0,18629,1274
1957,17474,1274,18629,2449
1958,18629,0,20000,1274
1959,4934,3577,5390,4326
1960,4934,4326,5390,4881
1961,5390,3577,6561,4326
1962,11222,7485,11498,7830
1963,11222,7830,11498,8493
1964,11498,7485,12279,7830
1965,14981,17347,15323,17747
1966,14981,17747,15323,18935
1967,15323,17347,15985,17747
1968,11380,4722,11658,5212
1969,11380,5212,11658,5998
1970,11658,4722,12737,5212
1971,15000,1962,15915,2790
1972,15000,2790,15915,3704
1973,15915,1962,16112,2790
1974,2914,0,3314,495
1975,2914,495,3314,1614
1976,3314,0,3972,495
1977,10382,14766,11964,15669
1978,10382,15669,11964,17119
1979,11964,14766,12819,15669
1980,15515,2547,16502,3848
1981,15515,3848,16502,5434
1982,16502,2547,17542,3848
1983,10382,16599,11518,17437
1984,10382,17437,11518,17651
1985,11518,16599,11936,17437
1986,2432,0,3666,1177
1987,2432,1177,3666,2452
1988,3666,0,5534,1177
1989,10382,3972,11129,4785
1990,10382,4785,11129,5434
1991,11129,3972,11864,4785
1992,0,0,4866,5047
1993,0,5047,4866,10082
1994,4866,0,10382,5047
1995,15515,2842,16938,4292
1996,15515,4292,16938,5434
1997,16938,2842,17699,4292
1998,0,2440,377,3551
1999,0,3551,377,4103
2000,377,2440,1199,3551
2001,4500,0,5121,923
2002,4500,923,5121,1107
2003,5121,0,5534,923
2004,2220,15398,2702,15785
2005,2220,15785,2702,16719
2006,2702,15398,3445,15785
2007,10382,3972,10941,5065
2008,10382,5065,10941,5434
2009,10941,3972,11864,5065
2010,0,0,2144,2782
2011,0,2782,2144,4881
2012,2144,0,4934,2782
2013,2144,0,3712,1646
2014,2144,1646,3712,2782
2015,3712,0,4934,1646
2016,0,6271,452,7091
2017,0,7091,452,7583
2018,452,6271,1112,7091
2019,14981,10082,15704,10341
2020,14981,10341,15704,11330
2021,15704,10082,16494,10341
2022,0,6271,511,6811
2023,0,6811,511,7583
2024,511,6271,1112,6811
2025,2819,6396,3446,7211
2026,2819,7211,3446,7583
2027,3446,6396,3984,7211
2028,14981,10082,16053,11817
2029,14981,11817,16053,12809
2030,16053,10082,17675,11817
2031,13400,0,14242,702
2032,13400,702,14242,1146
2033,14242,0,15098,702
2034,0,0,2625,2124
2035,0,2124,2625,4881
2036,2625,0,4934,2124
2037,5440,10082,8109,12352
2038,5440,12352,8109,14782
2039,8109,10082,10382,12352
2040,1796,0,2456,222
2041,1796,222,2456,1161
2042,2456,0,2913,222
2043,14981,10082,15331,10780
2044,14981,10780,15331,11718
2045,15331,10082,16308,10780
2046,15515,0,16496,908
2047,15515,908,16496,2498
2048,16496,0,18019,908
2049,0,18069,1549,19292
2050,0,19292,1549,20000
2051,1549,18069,2887,19292
2052,15000,1962,15333,3206
2053,15000,3206,15333,3721
2054,15333,1962,16024,3206
2055,5440,10082,7587,12401
2056,5440,12401,7587,14782
2057,7587,10082,10382,12401
2058,10382,4700,12915,7392
2059,10382,7392,12915,10082
2060,12915,4700,15058,7392
2061,10382,2674,10855,3443
2062,10382,3443,10855,4419
2063,10855,2674,12108,3443
2064,3883,4992,4877,5429
2065,3883,5429,4877,6254
2066,4877,4992,5534,5429
2067,10382,0,11464,1153
2068,10382,1153,11464,2674
2069,11464,0,13186,1153
2070,10382,18854,10893,19365
2071,10382,19365,10893,20000
2072,10893,18854,11789,19365
2073,2618,5283,4068,5964
2074,2618,5964,4068,7315
2075,4068,5283,5069,5964
2076,10382,0,11473,1408
2077,10382,1408,11473,2870
2078,11473,0,12924,1408
2079,16402,10082,17288,10973
2080,16402,10973,17288,11371
2081,17288,10082,17861,10973
2082,0,2382,1776,3669
2083,0,3669,1776,4992
2084,1776,2382,2913,3669
2085,1776,2382,2206,2750
2086,1776,2750,2206,3669
2087,2206,2382,2913,2750
2088,10382,4117,11054,4930
2089,10382,4930,11054,5434
2090,11054,4117,11861,4930
2091,1522,13073,1980,13467
2092,1522,13467,1980,14221
2093,1980,13073,2767,13467
2094,8109,10082,8869,11136
2095,8109,11136,8869,12352
2096,8869,10082,10382,11136
2097,17861,11036,18724,11721
2098,17861,11721,18724,12570
2099,18724,11036,19320,11721
2100,2567,5283,3933,6735
2101,2567,6735,3933,7773
2102,3933,5283,5069,6735
2103,0,0,1446,924
2104,0,924,1446,2382
2105,1446,0,2913,924
2106,12779,15900,13069,17153
2107,12779,17153,13069,17651
2108,13069,15900,13886,17153
2109,0,6182,1219,6504
2110,0,6504,1219,7478
2111,1219,6182,1823,6504
2112,12779,14766,13665,15539
2113,12779,15539,13665,15900
2114,13665,14766,13886,15539
2115,15098,0,16475,1406
2116,15098,1406,16475,2729
2117,16475,0,17426,1406
2118,6934,0,7518,595
2119,6934,595,7518,1007
2120,7518,0,8271,595
2121,1549,18069,2330,18514
2122,1549,18514,2330,19292
2123,2330,18069,2887,18514
2124,15515,2547,16145,3902
2125,15515,3902,16145,5434
2126,16145,2547,17542,3902
2127,15515,2547,16926,4342
2128,15515,4342,16926,5434
2129,16926,2547,17542,4342
2130,0,6113,397,6611
2131,0,6611,397,7538
2132,397,6113,1114,6611
2133,0,0,1432,1329
2134,0,1329,1432,2793
2135,1432,0,2597,1329
2136,17535,945,18634,1183
2137,17535,1183,18634,1962
2138,18634,945,18933,1183
2139,12754,15965,13089,17077
2140,12754,17077,13089,17477
2141,13089,15965,13940,17077
2142,3897,5283,4432,6234
2143,3897,6234,4432,6458
2144,4432,5283,5069,6234
2145,10382,15961,11009,16957
2146,10382,16957,11009,17477
2147,11009,15961,11803,16957
2148,5069,0,7585,2896
2149,5069,2896,7585,5283
2150,7585,0,10382,2896
2151,15515,0,17995,2772
2152,15515,2772,17995,5434
2153,17995,0,20000,2772
2154,17542,0,18584,1141
2155,17542,1141,18584,2547
2156,18584,0,20000,1141
2157,12754,14766,13627,15902
2158,12754,15902,13627,17477
2159,13627,14766,14981,15902
2160,6619,0,7367,344
2161,6619,344,7367,1243
2162,7367,0,7731,344
2163,17114,18772,17651,19498
2164,17114,19498,17651,20000
2165,17651,18772,18589,19498
2166,0,4992,2380,7783
2167,0,7783,2380,10082
2168,2380,4992,5534,7783
2169,10382,2674,11414,3858
2170,10382,3858,11414,4419
2171,11414,2674,12108,3858
2172,12614,4774,13668,6293
2173,12614,6293,13668,7816
2174,13668,4774,15098,6293
2175,5272,0,7948,2629
2176,5272,2629,7948,5070
2177,7948,0,10382,2629
2178,1522,13073,2237,13579
2179,1522,13579,2237,14221
2180,2237,13073,2767,13579
2181,0,0,2814,2229
2182,0,2229,2814,4881
2183,2814,0,4934,2229
2184,15000,0,15961,741
2185,15000,741,15961,2176
2186,15961,0,17313,741
2187,4324,4992,4736,5489
2188,4324,5489,4736,6491
2189,4736,4992,5534,5489
2190,11380,4722,12017,5378
2191,11380,5378,12017,5998
2192,12017,4722,12737,5378
2193,2199,5283,3432,6769
2194,2199,6769,3432,7491
2195,3432,5283,5069,6769
2196,17114,14766,17564,15291
2197,17114,15291,17564,15869
2198,17564,14766,18486,15291
2199,0,7773,1496,8772
2200,0,8772,1496,10082
2201,1496,7773,2567,8772
2202,2914,0,3502,749
2203,2914,749,3502,1351
2204,3502,0,4366,749
2205,2567,5283,3442,6426
2206,2567,6426,3442,7773
2207,3442,5283,5069,6426
2208,0,0,2843,2273
2209,0,2273,2843,5070
2210,2843,0,5272,2273
2211,11354,0,11812,639
2212,11354,639,11812,1131
2213,11812,0,12509,639
2214,14981,11437,15457,12056
2215,14981,12056,15457,12570
2216,15457,11437,16132,12056
2217,10382,0,12454,2255
2218,10382,2255,12454,4774
2219,12454,0,15098,2255
2220,1119,5283,2213,6032
2221,1119,6032,2213,6769
2222,2213,5283,2567,6032
2223,0,10082,2663,12610
2224,0,12610,2663,14782
2225,2663,10082,5440,12610
2226,11452,0,12251,930
2227,11452,930,12251,1201
2228,12251,0,13050,930
2229,4934,2634,5696,3352
2230,4934,3352,5696,3640
2231,5696,2634,6192,3352
2232,0,2382,902,2966
2233,0,2966,902,3440
2234,902,2382,1103,2966
2235,10382,5434,12913,7603
2236,10382,7603,12913,10082
2237,12913,5434,15515,7603
2238,3883,4992,4424,5804
2239,3883,5804,4424,6254
2240,4424,4992,5534,5804
2241,0,1167,383,2109
2242,0,2109,383,2382
2243,383,1167,1217,2109
2244,12754,15965,13706,16594
2245,12754,16594,13706,17477
2246,13706,15965,13940,16594
2247,14981,10082,15373,10838
2248,14981,10838,15373,11437
2249,15373,10082,16132,10838
2250,6305,2447,6926,3206
2251,6305,3206,6926,3460
2252,6926,2447,7731,3206
2253,8144,1495,8682,1689
2254,8144,1689,8682,2505
2255,8682,1495,9504,1689
2256,11222,7485,11800,7854
2257,11222,7854,11800,8493
2258,11800,7485,12279,7854
2259,13400,0,14631,760
2260,13400,760,14631,1146
2261,14631,0,15098,760
2262,10382,3261,10516,3669
2263,10382,3669,10516,4722
2264,10516,3261,11426,3669
2265,3867,0,4484,641
2266,3867,641,4484,1025
2267,4484,0,5534,641
2268,3984,4992,4794,6030
2269,3984,6030,4794,6396
2270,4794,4992,5534,6030
2271,15262,2394,16602,3620
2272,15262,3620,16602,5396
2273,16602,2394,17800,3620
2274,12779,16006,13649,16977
2275,12779,16977,13649,17651
2276,13649,16006,14050,16977
2277,10382,5396,13023,8117
2278,10382,8117,13023,10082
2279,13023,5396,15262,8117
2280,12871,958,13108,1653
2281,12871,1653,13108,2443
2282,13108,958,14100,1653
2283,14981,11371,15573,11675
2284,14981,11675,15573,12570
2285,15573,11371,16402,11675
2286,13756,14766,14615,15031
2287,13756,15031,14615,15829
2288,14615,14766,14981,15031
2289,17701,1306,18680,1858
2290,17701,1858,18680,2578
2291,18680,1306,18861,1858
2292,12779,15900,13159,16691
2293,12779,16691,13159,17651
2294,13159,15900,13886,16691
2295,14981,11371,15900,12203
2296,14981,12203,15900,12570
2297,15900,11371,16402,12203
2298,5272,0,7493,2650
2299,5272,2650,7493,5070
2300,7493,0,10382,2650
2301,1776,2382,2367,2720
2302,1776,2720,2367,3669
2303,2367,2382,2913,2720
2304,17114,15869,18098,16491
2305,17114,16491,18098,17347
2306,18098,15869,18486,16491
2307,2819,4992,3896,5383
2308,2819,5383,3896,6491
2309,3896,4992,4324,5383
2310,10382,3698,11063,4301
2311,10382,4301,11063,4722
2312,11063,3698,11587,4301
2313,2819,6254,3710,6811
2314,2819,6811,3710,7583
2315,3710,6254,3883,6811
2316,13023,5396,14359,6746
2317,13023,6746,14359,8117
2318,14359,5396,15262,6746
2319,10382,2443,11045,3188
2320,10382,3188,11045,3529
2321,11045,2443,11799,3188
2322,17114,14766,18854,16126
2323,17114,16126,18854,17347
2324,18854,14766,20000,16126
2325,17114,16051,18145,16557
2326,17114,16557,18145,17347
2327,18145,16051,18681,16557
2328,12384,0,14141,916
2329,12384,916,14141,2420
2330,14141,0,15098,916
2331,7948,0,9011,1468
2332,7948,1468,9011,2629
2333,9011,0,10382,1468
2334,2819,5903,3621,7110
2335,2819,7110,3621,7583
2336,3621,5903,3832,7110
2337,0,15398,758,16441
2338,0,16441,758,16810
2339,758,15398,1379,16441
2340,5272,2629,6900,3823
2341,5272,3823,6900,5070
2342,6900,2629,7948,3823
2343,0,0,991,1161
2344,0,1161,991,2793
2345,991,0,2597,1161
2346,0,7934,1277,8955
2347,0,8955,1277,10082
2348,1277,7934,2459,8955
2349,16683,2578,17217,3300
2350,16683,3300,17217,3761
2351,17217,2578,17701,3300
2352,11222,4722,11843,5219
2353,11222,5219,11843,6218
2354,11843,4722,12737,5219
2355,11426,2674,12304,3734
2356,11426,3734,12304,4395
2357,12304,2674,13186,3734
2358,17114,16051,18006,16885
2359,17114,16885,18006,17347
2360,18006,16051,18681,16885
2361,0,4992,1808,6034
2362,0,6034,1808,7583
2363,1808,4992,2819,6034
2364,2819,4992,3644,5487
2365,2819,5487,3644,6434
2366,3644,4992,4442,5487
2367,5534,0,6571,1177
2368,5534,1177,6571,2447
2369,6571,0,7731,1177
2370,2625,0,3800,983
2371,2625,983,3800,2124
2372,3800,0,4934,983
2373,10382,7922,11596,8657
2374,10382,8657,11596,10082
2375,11596,7922,12551,8657
2376,17679,10082,19051,10887
2377,17679,10887,19051,12033
2378,19051,10082,20000,10887
2379,10382,0,11270,1032
2380,10382,1032,11270,2445
2381,11270,0,12356,1032
2382,3984,4992,5140,5639
2383,3984,5639,5140,6396
2384,5140,4992,5534,5639
2385,15262,4256,15811,4594
2386,15262,4594,15811,5396
2387,15811,4256,16540,4594
2388,12754,14766,13538,16137
2389,12754,16137,13538,17477
2390,13538,14766,14981,16137
2391,0,857,750,1818
2392,0,1818,750,2440
2393,750,857,1470,1818
2394,0,2382,925,2994
2395,0,2994,925,3669
2396,925,2382,1776,2994
2397,8144,0,9624,1307
2398,8144,1307,9624,2505
2399,9624,0,10382,1307
2400,10382,7392,12027,9101
2401,10382,9101,12027,10082
2402,12027,7392,12915,9101
2403,14981,13269,15866,14348
2404,14981,14348,15866,14766
2405,15866,13269,16810,14348
2406,1549,18069,1992,18621
2407,1549,18621,1992,19292
2408,1992,18069,2887,18621
2409,16602,2394,17088,3251
2410,16602,3251,17088,3620
2411,17088,2394,17800,3251
2412,15515,4314,16492,4528
2413,15515,4528,16492,5434
2414,16492,4314,16802,4528
2415,3984,4992,4902,6055
2416,3984,6055,4902,6396
2417,4902,4992,5534,6055
2418,12924,0,13793,1312
2419,12924,1312,13793,2870
2420,13793,0,15262,1312
2421,2767,10082,3515,11578
2422,2767,11578,3515,13073
2423,3515,10082,4998,11578
2424,2819,4992,4152,6516
2425,2819,6516,4152,7583
2426,4152,4992,5534,6516
2427,15000,0,15724,907
2428,15000,907,15724,1323
2429,15724,0,16204,907
2430,0,6460,880,6710
2431,0,6710,880,7538
2432,880,6460,1652,6710
2433,10382,7656,10705,8441
2434,10382,8441,10705,9113
2435,10705,7656,11462,8441
2436,15515,2498,16929,4193
2437,15515,4193,16929,5434
2438,16929,2498,18019,4193
2439,10382,4774,11404,5349
2440,10382,5349,11404,6058
2441,11404,4774,11693,5349
2442,14981,10082,15795,10671
2443,14981,10671,15795,11828
2444,15795,10082,16276,10671
2445,0,2229,1385,3709
2446,0,3709,1385,4881
2447,1385,2229,2814,3709
2448,5534,0,6430,304
2449,5534,304,6430,1177
2450,6430,0,6571,304
2451,14981,10082,16717,11199
2452,14981,11199,16717,12570
2453,16717,10082,17861,11199
2454,5534,0,8004,2318
2455,5534,2318,8004,4992
2456,8004,0,10382,2318
2457,0,0,495,552
2458,0,552,495,1053
2459,495,0,1672,552
2460,17474,0,18065,691
2461,17474,691,18065,1274
2462,18065,0,18629,691
2463,15515,2842,16570,4268
2464,15515,4268,16570,5434
2465,16570,2842,17699,4268
2466,1776,2382,2049,2652
2467,1776,2652,2049,3669
2468,2049,2382,2913,2652
2469,0,5283,997,5696
2470,0,5696,997,6460
2471,997,5283,1652,5696
2472,6571,0,7398,246
2473,6571,246,7398,1177
2474,7398,0,7731,246
2475,4179,4992,5088,5942
2476,4179,5942,5088,6474
2477,5088,4992,5534,5942
2478,3666,0,4904,968
2479,3666,968,4904,1177
2480,4904,0,5534,968
2481,7948,0,8985,1680
2482,7948,1680,8985,2629
2483,8985,0,10382,1680
2484,10382,4722,11239,6360
2485,10382,6360,11239,7485
2486,11239,4722,12737,6360
2487,0,2382,179,2892
2488,0,2892,179,3703
2489,179,2382,1146,2892
2490,0,7315,1189,8924
2491,0,8924,1189,10082
2492,1189,7315,2618,8924
2493,12359,0,13632,1591
2494,12359,1591,13632,2503
2495,13632,0,15000,1591
2496,1146,2382,1990,2937
2497,1146,2937,1990,3703
2498,1990,2382,2913,2937
2499,10382,2762,10819,3388
2500,10382,3388,10819,3972
2501,10819,2762,11864,3388
2502,16132,10082,16715,10756
2503,16132,10756,16715,11437
2504,16715,10082,17861,10756
2505,15515,0,16563,801
2506,15515,801,16563,1509
2507,16563,0,16929,801
2508,0,7783,1413,8742
2509,0,8742,1413,10082
2510,1413,7783,2380,8742
2511,0,0,1729,1503
2512,0,1503,1729,2382
2513,1729,0,2913,1503
2514,14981,11371,16013,12006
2515,14981,12006,16013,12570
2516,16013,11371,16402,12006
2517,15515,4271,16443,4894
2518,15515,4894,16443,5434
2519,16443,4271,16651,4894
2520,10382,4722,12467,7333
2521,10382,7333,12467,10082
2522,12467,4722,15000,7333
2523,10382,4395,10532,5044
2524,10382,5044,10532,5434
2525,10532,4395,11426,5044
2526,10382,4722,11636,6195
2527,10382,6195,11636,7485
2528,11636,4722,12737,6195
2529,2819,4992,3308,5783
2530,2819,5783,3308,6516
2531,3308,4992,4152,5783
2532,2914,1351,3362,1844
2533,2914,1844,3362,2440
2534,3362,1351,4366,1844
2535,5534,0,7039,1522
2536,5534,1522,7039,2505
2537,7039,0,8144,1522
2538,2199,5283,3602,6641
2539,2199,6641,3602,7491
2540,3602,5283,5069,6641
2541,12614,4774,12877,5561
2542,12614,5561,12877,6293
2543,12877,4774,13668,5561
2544,10382,2674,10766,3620
2545,10382,3620,10766,4395
2546,10766,2674,11426,3620
2547,0,4992,1572,6199
2548,0,6199,1572,7478
2549,1572,4992,2868,6199
2550,18861,0,19582,373
2551,18861,373,19582,1306
2552,19582,0,20000,373
2553,0,2440,1210,3950
2554,0,3950,1210,4992
2555,1210,2440,2914,3950
2556,15515,2813,16478,3890
2557,15515,3890,16478,4266
2558,16478,2813,16820,3890
2559,15985,17347,16918,17767
2560,15985,17767,16918,18935
2561,16918,17347,17114,17767
2562,16683,2578,17170,3176
2563,16683,3176,17170,3761
2564,17170,2578,17701,3176
2565,12913,5434,13877,6321
2566,12913,6321,13877,7603
2567,13877,5434,15515,6321
2568,16651,2578,16966,3657
2569,16651,3657,16966,4271
2570,16966,2578,17701,3657
2571,14981,10082,16038,11003
2572,14981,11003,16038,11371
2573,16038,10082,16402,11003
2574,17521,0,18688,1619
2575,17521,1619,18688,2642
2576,18688,0,20000,1619
2577,0,4992,1101,5923
2578,0,5923,1101,7478
2579,1101,4992,2868,5923
2580,2199,5283,2458,6270
2581,2199,6270,2458,6769
2582,2458,5283,3432,6270
2583,10382,0,10822,1051
2584,10382,1051,10822,1408
2585,10822,0,11473,1051
2586,15000,3272,15362,4386
2587,15000,4386,15362,4722
2588,15362,3272,16178,4386
2589,12754,15965,13314,16395
2590,12754,16395,13314,17477
2591,13314,15965,13940,16395
2592,16132,10082,16705,10859
2593,16132,10859,16705,11437
2594,16705,10082,17861,10859
2595,10382,995,11045,2133
2596,10382,2133,11045,2674
2597,11045,995,11399,2133
2598,7948,1468,8431,1828
2599,7948,1828,8431,2629
2600,8431,1468,9011,1828
2601,10382,5396,11663,6896
2602,10382,6896,11663,8117
2603,11663,5396,13023,6896
2604,2144,1646,2859,2200
2605,2144,2200,2859,2782
2606,2859,1646,3712,2200
2607,15000,1962,15689,3103
2608,15000,3103,15689,3700
2609,15689,1962,16487,3103
2610,10382,0,11360,830
2611,10382,830,11360,1397
2612,11360,0,11918,830
2613,8144,0,8996,1181
2614,8144,1181,8996,2505
2615,8996,0,10382,1181
2616,1522,13073,2148,13893
2617,1522,13893,2148,14221
2618,2148,13073,2767,13893
2619,0,8742,842,9745
2620,0,9745,842,10082
2621,842,8742,1413,9745
2622,17114,15911,17718,16364
2623,17114,16364,17718,17347
2624,17718,15911,18294,16364
2625,18629,0,19074,359
2626,18629,359,19074,1274
2627,19074,0,20000,359
2628,17273,1205,17477,2212
2629,17273,2212,17477,2681
2630,17477,1205,18392,2212
2631,15515,4271,16411,4632
2632,15515,4632,16411,5434
2633,16411,4271,16651,4632
2634,12384,1146,13016,1888
2635,12384,1888,13016,2420
2636,13016,1146,13400,1888
2637,0,18069,1293,19247
2638,0,19247,1293,20000
2639,1293,18069,2887,19247
2640,1157,7538,1922,8545
2641,1157,8545,1922,8807
2642,1922,7538,2683,8545
2643,870,4992,1644,5667
2644,870,5667,1644,6097
2645,1644,4992,2459,5667
2646,13538,14766,13916,15833
2647,13538,15833,13916,16137
2648,13916,14766,14981,15833
2649,0,4992,2862,7478
2650,0,7478,2862,10082
2651,2862,4992,5534,7478
2652,0,0,547,1120
2653,0,1120,547,1503
2654,547,0,1729,1120
2655,4934,3640,5709,3883
2656,4934,3883,5709,4881
2657,5709,3640,6192,3883
2658,1572,4992,2102,5386
2659,1572,5386,2102,6199
2660,2102,4992,2868,5386
2661,12915,4700,14334,6066
2662,12915,6066,14334,7392
2663,14334,4700,15058,6066
2664,15515,2813,16341,3751
2665,15515,3751,16341,5434
2666,16341,2813,17760,3751
2667,14981,16029,15808,16396
2668,14981,16396,15808,17347
2669,15808,16029,16026,16396
2670,10382,5434,13298,7795
2671,10382,7795,13298,10082
2672,13298,5434,15515,7795
2673,12819,14766,13952,16178
2674,12819,16178,13952,17119
2675,13952,14766,14981,16178
2676,10382,4774,12485,7680
2677,10382,7680,12485,10082
2678,12485,4774,15098,7680
2679,16053,10082,16910,10745
2680,16053,10745,16910,11817
2681,16910,10082,17675,10745
2682,15783,0,16571,811
2683,15783,811,16571,1467
2684,16571,0,17340,811
2685,0,4992,1457,6802
2686,0,6802,1457,7934
2687,1457,4992,2459,6802
2688,0,4992,271,5169
2689,0,5169,271,6068
2690,271,4992,1306,5169
2691,14981,12570,16556,13770
2692,14981,13770,16556,14766
2693,16556,12570,17861,13770
2694,0,0,972,857
2695,0,857,972,1167
2696,972,0,1217,857
2697,17114,17347,18138,18280
2698,17114,18280,18138,18772
2699,18138,17347,18589,18280
2700,13916,14766,14294,15230
2701,13916,15230,14294,15833
2702,14294,14766,14981,15230
2703,14981,17347,15804,19034
2704,14981,19034,15804,20000
2705,15804,17347,17114,19034
2706,0,18069,1050,18758
2707,0,18758,1050,20000
2708,1050,18069,2887,18758
2709,10382,0,12326,2525
2710,10382,2525,12326,4700
2711,12326,0,15058,2525
2712,10382,18735,10852,19307
2713,10382,19307,10852,20000
2714,10852,18735,11771,19307
2715,13186,1499,14051,2173
2716,13186,2173,14051,2674
2717,14051,1499,14350,2173
2718,0,6460,1146,6616
2719,0,6616,1146,7538
2720,1146,6460,1652,6616
2721,15515,0,16864,1233
2722,15515,1233,16864,2547
2723,16864,0,17542,1233
2724,18629,0,19219,808
2725,18629,808,19219,1274
2726,19219,0,20000,808
2727,10382,17651,10867,18055
2728,10382,18055,10867,18854
2729,10867,17651,11789,18055
2730,10382,0,10973,584
2731,10382,584,10973,1153
2732,10973,0,11464,584
2733,15515,1233,16581,1788
2734,15515,1788,16581,2547
2735,16581,1233,16864,1788
2736,16445,10082,17124,10819
2737,16445,10819,17124,11094
2738,17124,10082,17861,10819
2739,18557,14766,19075,15934
2740,18557,15934,19075,16453
2741,19075,14766,20000,15934
2742,15515,0,16304,1102
2743,15515,1102,16304,2842
2744,16304,0,17699,1102
2745,17542,0,18605,905
2746,17542,905,18605,2547
2747,18605,0,20000,905
2748,0,5070,2971,7403
2749,0,7403,2971,10082
2750,2971,5070,5272,7403
2751,17426,0,18180,464
2752,17426,464,18180,1038
2753,18180,0,19085,464
2754,14981,12809,16553,14011
2755,14981,14011,16553,14766
2756,16553,12809,17675,14011
2757,0,17901,1052,19053
2758,0,19053,1052,20000
2759,1052,17901,2220,19053
2760,14350,0,15301,1070
2761,14350,1070,15301,1499
2762,15301,0,15515,1070
2763,963,5283,2191,6181
2764,963,6181,2191,6496
2765,2191,5283,2683,6181
2766,15515,1233,16123,1593
2767,15515,1593,16123,2547
2768,16123,1233,16864,1593
2769,0,15398,2443,18029
2770,0,18029,2443,20000
2771,2443,15398,4998,18029
2772,2443,15398,3718,16774
2773,2443,16774,3718,18029
2774,3718,15398,4998,16774
2775,10382,0,12537,2419
2776,10382,2419,12537,5396
2777,12537,0,15262,2419
2778,15098,0,17201,2502
2779,15098,2502,17201,4774
2780,17201,0,20000,2502
2781,0,6182,575,7039
2782,0,7039,575,7478
2783,575,6182,1823,7039
2784,17114,14766,17933,15550
2785,17114,15550,17933,16453
2786,17933,14766,18557,15550
2787,13211,5434,14693,6638
2788,13211,6638,14693,7656
2789,14693,5434,15515,6638
2790,10382,16599,11126,16968
2791,10382,16968,11126,17651
2792,11126,16599,11936,16968
2793,2432,0,3033,893
2794,2432,893,3033,1177
2795,3033,0,3666,893
2796,1007,4992,1701,5969
2797,1007,5969,1701,6534
2798,1701,4992,2459,5969
2799,0,8772,694,9200
2800,0,9200,694,10082
2801,694,8772,1496,9200
2802,0,0,1123,1760
2803,0,1760,1123,2782
2804,1123,0,2144,1760
2805,13538,14766,14505,15201
2806,13538,15201,14505,16137
2807,14505,14766,14981,15201
2808,11426,2674,12669,3803
2809,11426,3803,12669,4395
2810,12669,2674,13186,3803
2811,16570,2842,16750,3666
2812,16570,3666,16750,4268
2813,16750,2842,17699,3666
2814,10382,0,10709,496
2815,10382,496,10709,1758
2816,10709,0,11606,496
2817,0,18069,470,18906
2818,0,18906,470,19247
2819,470,18069,1293,18906
2820,14981,10082,15246,10941
2821,14981,10941,15246,11817
2822,15246,10082,16053,10941
2823,5534,3421,5901,4182
2824,5534,4182,5901,4992
2825,5901,3421,6679,4182
2826,15515,0,16793,1271
2827,15515,1271,16793,2498
2828,16793,0,18019,1271
2829,15262,2642,16520,4333
2830,15262,4333,16520,5396
2831,16520,2642,17521,4333
2832,14981,10082,16708,11413
2833,14981,11413,16708,12570
2834,16708,10082,17861,11413
2835,11918,0,12612,551
2836,11918,551,12612,1397
2837,12612,0,12924,551
2838,15515,2578,16512,3361
2839,15515,3361,16512,4054
2840,16512,2578,16847,3361
2841,16570,2842,17462,3867
2842,16570,3867,17462,4268
2843,17462,2842,17699,3867
2844,15515,0,16948,1548
2845,15515,1548,16948,2772
2846,16948,0,17995,1548
2847,16266,10082,17194,10636
2848,16266,10636,17194,11629
2849,17194,10082,17675,10636
2850,14981,18284,15424,19485
2851,14981,19485,15424,20000
2852,15424,18284,16192,19485
2853,2887,15398,3787,16712
2854,2887,16712,3787,18069
2855,3787,15398,4998,16712
2856,8011,0,9572,1548
2857,8011,1548,9572,2634
2858,9572,0,10382,1548
2859,15515,4266,16017,4684
2860,15515,4684,16017,5434
2861,16017,4266,16820,4684
2862,18731,0,19723,523
2863,18731,523,19723,1316
2864,19723,0,20000,523
2865,5534,0,5959,704
2866,5534,704,5959,1522
2867,5959,0,7039,704
2868,0,8742,940,9334
2869,0,9334,940,10082
2870,940,8742,1413,9334
2871,2432,1177,3335,1486
2872,2432,1486,3335,2452
2873,3335,1177,3666,1486
2874,5534,0,7049,868
2875,5534,868,7049,2318
2876,7049,0,8004,868
2877,10382,7795,11762,9222
2878,10382,9222,11762,10082
2879,11762,7795,13298,9222
2880,1007,4992,1582,5809
2881,1007,5809,1582,6534
2882,1582,4992,2459,5809
2883,14981,14766,15843,15343
2884,14981,15343,15843,16217
2885,15843,14766,16010,15343
2886,2914,0,3739,829
2887,2914,829,3739,1107
2888,3739,0,4500,829
2889,11771,17119,12675,18310
2890,11771,18310,12675,18735
2891,12675,17119,12819,18310
2892,0,0,1590,1084
2893,0,1084,1590,2382
2894,1590,0,2913,1084
2895,10382,17651,11866,19043
2896,10382,19043,11866,20000
2897,11866,17651,12779,19043
2898,0,3669,944,4478
2899,0,4478,944,4992
2900,944,3669,1776,4478
2901,14981,11094,15603,11584
2902,14981,11584,15603,12570
2903,15603,11094,16445,11584
2904,8144,1307,8914,1609
2905,8144,1609,8914,2505
2906,8914,1307,9624,1609
2907,10382,0,11646,1229
2908,10382,1229,11646,2220
2909,11646,0,12509,1229
2910,16445,10082,17027,10693
2911,16445,10693,17027,11094
2912,17027,10082,17861,10693
2913,1418,2382,2268,3121
2914,1418,3121,2268,3916
2915,2268,2382,2913,3121
2916,15515,2578,16406,4354
2917,15515,4354,16406,5434
2918,16406,2578,17701,4354
2919,7948,0,8252,1090
2920,7948,1090,8252,1680
2921,8252,0,8985,1090
2922,5272,0,6348,1366
2923,5272,1366,6348,2391
2924,6348,0,8100,1366
2925,10382,15929,11103,16490
2926,10382,16490,11103,17119
2927,11103,15929,11476,16490
2928,11462,7656,12530,8690
2929,11462,8690,12530,9113
2930,12530,7656,13211,8690
2931,16145,2547,16865,3434
2932,16145,3434,16865,3902
2933,16865,2547,17542,3434
2934,5272,2629,6355,3574
2935,5272,3574,6355,5070
2936,6355,2629,7948,3574
2937,2432,0,3064,874
2938,2432,874,3064,1177
2939,3064,0,3666,874
2940,15000,1962,15679,3185
2941,15000,3185,15679,3704
2942,15679,1962,16112,3185
2943,0,5283,1374,6119
2944,0,6119,1374,7315
2945,1374,5283,2618,6119
2946,2199,5283,3475,6511
2947,2199,6511,3475,7491
2948,3475,5283,5069,6511
2949,15098,0,16173,1089
2950,15098,1089,16173,2449
2951,16173,0,17474,1089
2952,11702,5434,12538,5746
2953,11702,5746,12538,6616
2954,12538,5434,13211,5746
2955,15515,3761,16035,4241
2956,15515,4241,16035,5434
2957,16035,3761,16683,4241
2958,10382,5434,11761,6521
2959,10382,6521,11761,7603
2960,11761,5434,12913,6521
2961,13050,0,14159,1674
2962,13050,1674,14159,2560
2963,14159,0,15000,1674
2964,8271,0,9671,1434
2965,8271,1434,9671,2350
2966,9671,0,10382,1434
2967,11426,2674,12674,3445
2968,11426,3445,12674,4395
2969,12674,2674,13186,3445
2970,18731,0,19506,464
2971,18731,464,19506,1316
2972,19506,0,20000,464
2973,15000,0,15272,572
2974,15000,572,15272,1323
2975,15272,0,16204,572
2976,10382,919,10681,1248
2977,10382,1248,10681,2056
2978,10681,919,11433,1248
2979,14981,11413,16000,11867
2980,14981,11867,16000,12570
2981,16000,11413,16708,11867
2982,10382,5396,11899,6417
2983,10382,6417,11899,8117
2984,11899,5396,13023,6417
2985,13815,0,14170,409
2986,13815,409,14170,1055
2987,14170,0,15000,409
2988,1419,2440,2494,3018
2989,1419,3018,2494,4008
2990,2494,2440,2914,3018
2991,5534,0,6098,741
2992,5534,741,6098,1177
2993,6098,0,6571,741
2994,0,1167,470,1502
2995,0,1502,470,2382
2996,470,1167,1217,1502
2997,13186,0,14159,1027
2998,13186,1027,14159,2674
2999,14159,0,15515,1027
3000,1210,2440,1718,3145
3001,1210,3145,1718,3950
3002,1718,2440,2914,3145
3003,13627,14766,14277,15156
3004,13627,15156,14277,15902
3005,14277,14766,14981,15156
3006,1418,2382,2241,2982
3007,1418,2982,2241,3916
3008,2241,2382,2913,2982
3009,15515,2578,16090,3526
3010,15515,3526,16090,3761
3011,16090,2578,16683,3526
3012,16691,2578,16936,2864
3013,16691,2864,16936,3918
3014,16936,2578,17701,2864
3015,0,4992,976,5776
3016,0,5776,976,6199
3017,976,4992,1572,5776
3018,10382,3750,11488,4244
3019,10382,4244,11488,5434
3020,11488,3750,12018,4244
3021,0,10082,3117,12259
3022,0,12259,3117,14782
3023,3117,10082,5440,12259
3024,11241,14766,11648,15981
3025,11241,15981,11648,16415
3026,2819,4992,3773,5860
3027,2819,5860,3773,6434
3028,3773,4992,4442,5860
3029,15000,0,16047,1097
3030,15000,1097,16047,2329
3031,16047,0,17403,1097
3032,16047,0,16635,359
3033,16047,359,16635,1097
3034,16635,0,17403,359
3035,12018,2674,12586,3582
3036,12018,3582,12586,3750
3037,12586,2674,13186,3582
3038,12924,0,14436,1663
3039,12924,1663,14436,2870
3040,14436,0,15262,1663
3041,13645,4722,14018,5744
3042,13645,5744,14018,6347
3043,14018,4722,15000,5744
3044,0,5283,1722,6433
3045,0,6433,1722,7538
3046,1722,5283,2683,6433
3047,18854,14766,19079,15166
3048,18854,15166,19079,16126
3049,19079,14766,20000,15166
3050,17403,0,18490,967
3051,17403,967,18490,2329
3052,18490,0,20000,967
3053,16047,0,16329,755
3054,16047,755,16329,1097
3055,16329,0,17403,755
3056,5440,10082,6335,11614
3057,5440,11614,6335,12401
3058,6335,10082,7587,11614
3059,16024,1962,16690,3087
3060,16024,3087,16690,3721
3061,16690,1962,17535,3087
3062,3559,5283,4005,5709
3063,3559,5709,4005,6845
3064,4005,5283,5069,5709
3065,5272,2650,6290,3526
3066,5272,3526,6290,5070
3067,6290,2650,7493,3526
3068,14159,0,14719,597
3069,14159,597,14719,1027
3070,14719,0,15515,597
3071,15515,4054,15914,4863
3072,15515,4863,15914,5434
3073,15914,4054,16847,4863
3074,12924,1663,13948,2154
3075,12924,2154,13948,2870
3076,13948,1663,14436,2154
3077,13948,2154,14436,2870
