Number,x1,y1,x2,y2
0,0,0,10015,9660
1,0,9660,10015,20000
2,10015,0,20000,9660
3,10015,9660,14666,14480
4,10015,14480,14666,20000
5,14666,9660,20000,14480
6,14666,14480,17036,16984
7,14666,16984,17036,20000
8,17036,14480,20000,16984
9,17036,16984,18774,18829
10,17036,18829,18774,20000
11,18774,16984,20000,18829
12,18774,18829,19746,19517
13,18774,19517,19746,20000
14,19746,18829,20000,19517
15,17036,14480,18815,15419
16,17036,15419,18815,16984
17,18815,14480,20000,15419
18,18774,16984,19731,17771
19,18774,17771,19731,18829
20,19731,16984,20000,17771
21,10015,0,15050,4448
22,10015,4448,15050,9660
23,15050,0,20000,4448
24,14666,16984,16155,18581
25,14666,18581,16155,20000
26,16155,16984,17036,18581
27,14666,9660,17040,11711
28,14666,11711,17040,14480
29,17040,9660,20000,11711
30,14666,16984,15702,17475
31,14666,17475,15702,18581
32,15702,16984,16155,17475
33,10015,0,12800,2458
34,10015,2458,12800,4448
35,12800,0,15050,2458
36,10015,14480,12375,17183
37,10015,17183,12375,20000
38,12375,14480,14666,17183
39,14666,17475,15207,18179
40,14666,18179,15207,18581
41,15207,17475,15702,18179
42,10015,4448,12511,7324
43,10015,7324,12511,9660
44,12511,4448,15050,7324
45,0,9660,4795,15083
46,0,15083,4795,20000
47,4795,9660,10015,15083
48,12375,14480,13881,16023
49,12375,16023,13881,17183
50,13881,14480,14666,16023
51,14666,11711,15666,13303
52,14666,13303,15666,14480
53,15666,11711,17040,13303
54,12800,0,13778,1534
55,12800,1534,13778,2458
56,13778,0,15050,1534
57,10015,9660,12111,11686
58,10015,11686,12111,14480
59,12111,9660,14666,11686
60,0,9660,2101,12509
61,0,12509,2101,15083
62,2101,9660,4795,12509
63,14666,9660,17013,12196
64,14666,12196,17013,14480
65,17013,9660,20000,12196
66,10015,14480,12190,17268
67,10015,17268,12190,20000
68,12190,14480,14666,17268
69,10015,9660,12001,12318
70,10015,12318,12001,14480
71,12001,9660,14666,12318
72,10015,11686,11190,12711
73,10015,12711,11190,14480
74,11190,11686,12111,12711
75,0,15083,2004,17833
76,0,17833,2004,20000
77,2004,15083,4795,17833
78,17036,14480,18423,16116
79,17036,16116,18423,16984
80,18423,14480,20000,16116
81,2101,9660,3525,11462
82,2101,11462,3525,12509
83,3525,9660,4795,11462
84,10015,14480,11023,16158
85,10015,16158,11023,17183
86,11023,14480,12375,16158
87,14666,16984,15557,18199
88,14666,18199,15557,20000
89,15557,16984,17036,18199
90,10015,4448,11326,5999
91,10015,5999,11326,7324
92,11326,4448,12511,5999
93,10015,4448,11372,5833
94,10015,5833,11372,7324
95,11372,4448,12511,5833
96,11372,5833,11758,6349
97,11372,6349,11758,7324
98,11758,5833,12511,6349
99,10015,14480,11212,15984
100,10015,15984,11212,17268
101,11212,14480,12190,15984
102,0,0,5244,4655
103,0,4655,5244,9660
104,5244,0,10015,4655
105,15666,11711,16433,12751
106,15666,12751,16433,13303
107,16433,11711,17040,12751
108,14666,16984,16083,18253
109,14666,18253,16083,20000
110,16083,16984,17036,18253
111,17036,16984,17628,17579
112,17036,17579,17628,18829
113,17628,16984,18774,17579
114,15557,16984,16215,17893
115,15557,17893,16215,18199
116,16215,16984,17036,17893
117,0,9660,4995,15027
118,0,15027,4995,20000
119,4995,9660,10015,15027
120,12375,14480,13608,15440
121,12375,15440,13608,17183
122,13608,14480,14666,15440
123,10015,17268,10892,18520
124,10015,18520,10892,20000
125,10892,17268,12190,18520
126,0,17833,1101,18794
127,0,18794,1101,20000
128,1101,17833,2004,18794
129,17036,14480,18548,16030
130,17036,16030,18548,16984
131,18548,14480,20000,16030
132,14666,14480,15966,15488
133,14666,15488,15966,16984
134,15966,14480,17036,15488
135,17040,9660,18807,10358
136,17040,10358,18807,11711
137,18807,9660,20000,10358
138,14666,15488,15302,16359
139,14666,16359,15302,16984
140,15302,15488,15966,16359
141,10892,17268,11388,18253
142,10892,18253,11388,18520
143,11388,17268,12190,18253
144,17036,14480,18375,15589
145,17036,15589,18375,16984
146,18375,14480,20000,15589
147,14666,14480,15762,15935
148,14666,15935,15762,16984
149,15762,14480,17036,15935
150,12511,4448,13978,6251
151,12511,6251,13978,7324
152,13978,4448,15050,6251
153,15966,14480,16570,14980
154,15966,14980,16570,15488
155,16570,14480,17036,14980
156,10015,17268,10793,18696
157,10015,18696,10793,20000
158,10793,17268,12190,18696
159,17036,14480,17933,15449
160,17036,15449,17933,16116
161,17933,14480,18423,15449
162,5244,0,7830,2155
163,5244,2155,7830,4655
164,7830,0,10015,2155
165,17036,18829,17563,19066
166,17036,19066,17563,20000
167,17563,18829,18774,19066
168,14666,17475,15328,18373
169,14666,18373,15328,18581
170,15328,17475,15702,18373
171,14666,14480,15910,15388
172,14666,15388,15910,16984
173,15910,14480,17036,15388
174,12375,16023,13430,16511
175,12375,16511,13430,17183
176,13430,16023,13881,16511
177,10015,17268,10711,18719
178,10015,18719,10711,20000
179,10711,17268,12190,18719
180,12375,16023,13077,16797
181,12375,16797,13077,17183
182,13077,16023,13881,16797
183,12375,14480,13080,15297
184,12375,15297,13080,16023
185,13080,14480,13881,15297
186,10015,9660,11276,10657
187,10015,10657,11276,11686
188,11276,9660,12111,10657
189,10015,5833,10966,6633
190,10015,6633,10966,7324
191,10966,5833,11372,6633
192,12111,9660,13476,11029
193,12111,11029,13476,11686
194,13476,9660,14666,11029
195,0,15083,996,16350
196,0,16350,996,17833
197,996,15083,2004,16350
198,17036,14480,17686,15062
199,17036,15062,17686,16030
200,17686,14480,18548,15062
201,17036,18829,18259,19296
202,17036,19296,18259,20000
203,18259,18829,18774,19296
204,14666,18581,15743,19174
205,14666,19174,15743,20000
206,15743,18581,16155,19174
207,0,15027,2192,17138
208,0,17138,2192,20000
209,2192,15027,4995,17138
210,10015,12318,10732,13607
211,10015,13607,10732,14480
212,10732,12318,12001,13607
213,7830,0,9241,702
214,7830,702,9241,2155
215,9241,0,10015,702
216,15966,14480,16248,15037
217,15966,15037,16248,15488
218,16248,14480,17036,15037
219,0,9660,2651,12628
220,0,12628,2651,15083
221,2651,9660,4795,12628
222,12111,9660,12681,10294
223,12111,10294,12681,11029
224,12681,9660,13476,10294
225,10015,9660,10874,11227
226,10015,11227,10874,12318
227,10874,9660,12001,11227
228,12511,4448,13428,5690
229,12511,5690,13428,7324
230,13428,4448,15050,5690
231,10015,16158,10607,16329
232,10015,16329,10607,17183
233,10607,16158,11023,16329
234,0,18794,563,19724
235,0,19724,563,20000
236,563,18794,1101,19724
237,0,12509,864,13797
238,0,13797,864,15083
239,864,12509,2101,13797
240,11326,4448,11973,5099
241,11326,5099,11973,5999
242,11973,4448,12511,5099
243,18423,14480,18908,15649
244,18423,15649,18908,16116
245,18908,14480,20000,15649
246,14666,9660,16050,10289
247,14666,10289,16050,11711
248,16050,9660,17040,10289
249,0,17833,954,19065
250,0,19065,954,20000
251,954,17833,2004,19065
252,0,17138,1088,18932
253,0,18932,1088,20000
254,1088,17138,2192,18932
255,0,9660,4725,15157
256,0,15157,4725,20000
257,4725,9660,10015,15157
258,13476,9660,14027,10685
259,13476,10685,14027,11029
260,14027,9660,14666,10685
261,0,12509,1059,13534
262,0,13534,1059,15083
263,1059,12509,2101,13534
264,17040,9660,18162,10557
265,17040,10557,18162,11711
266,18162,9660,20000,10557
267,14666,18253,15646,19202
268,14666,19202,15646,20000
269,15646,18253,16083,19202
270,12375,16023,13320,16281
271,12375,16281,13320,17183
272,13320,16023,13881,16281
273,0,9660,871,11175
274,0,11175,871,12509
275,871,9660,2101,11175
276,17036,14480,17772,15585
277,17036,15585,17772,16116
278,17772,14480,18423,15585
279,14666,14480,15295,14903
280,14666,14903,15295,15935
281,15295,14480,15762,14903
282,2192,15027,3822,16073
283,2192,16073,3822,17138
284,3822,15027,4995,16073
285,2192,15027,2927,15180
286,2192,15180,2927,16073
287,2927,15027,3822,15180
288,17013,9660,18839,10679
289,17013,10679,18839,12196
290,18839,9660,20000,10679
291,0,9660,4852,14756
292,0,14756,4852,20000
293,4852,9660,10015,14756
294,17036,18829,18094,19221
295,17036,19221,18094,20000
296,18094,18829,18774,19221
297,12511,4448,13526,6020
298,12511,6020,13526,7324
299,13526,4448,15050,6020
300,10015,17268,11473,18462
301,10015,18462,11473,20000
302,11473,17268,12190,18462
303,10015,14480,11159,15730
304,10015,15730,11159,17268
305,11159,14480,12190,15730
306,14666,9660,15583,10716
307,14666,10716,15583,12196
308,15583,9660,17013,10716
309,12001,9660,13224,10803
310,12001,10803,13224,12318
311,13224,9660,14666,10803
312,14666,18253,15143,19431
313,14666,19431,15143,20000
314,15143,18253,16083,19431
315,10015,14480,12640,17203
316,10015,17203,12640,20000
317,12640,14480,14666,17203
318,0,18794,196,19644
319,0,19644,196,20000
320,196,18794,1101,19644
321,10015,14480,10544,15182
322,10015,15182,10544,15730
323,10544,14480,11159,15182
324,0,9660,1249,11065
325,0,11065,1249,12509
326,1249,9660,2101,11065
327,10015,18462,10393,18888
328,10015,18888,10393,20000
329,10393,18462,11473,18888
330,10015,9660,12500,11695
331,10015,11695,12500,14480
332,12500,9660,14666,11695
333,18423,14480,19166,15662
334,18423,15662,19166,16116
335,19166,14480,20000,15662
336,10015,5833,10464,6770
337,10015,6770,10464,7324
338,10464,5833,11372,6770
339,10015,17268,10883,18348
340,10015,18348,10883,20000
341,10883,17268,12190,18348
342,4725,9660,7218,12717
343,4725,12717,7218,15157
344,7218,9660,10015,12717
345,7830,702,8472,1301
346,7830,1301,8472,2155
347,8472,702,9241,1301
348,12001,10803,12881,11487
349,12001,11487,12881,12318
350,12881,10803,13224,11487
351,10732,12318,11054,12765
352,10732,12765,11054,13607
353,11054,12318,12001,12765
354,0,17138,507,18095
355,0,18095,507,18932
356,507,17138,1088,18095
357,14666,16984,15309,17403
358,14666,17403,15309,18253
359,15309,16984,16083,17403
360,15666,11711,16695,12229
361,15666,12229,16695,13303
362,16695,11711,17040,12229
363,14666,16984,15621,18468
364,14666,18468,15621,20000
365,15621,16984,17036,18468
366,12375,14480,12812,14882
367,12375,14882,12812,16023
368,12812,14480,13881,14882
369,14666,16984,15380,17467
370,14666,17467,15380,18253
371,15380,16984,16083,17467
372,10015,12318,10917,13431
373,10015,13431,10917,14480
374,10917,12318,12001,13431
375,0,14756,2271,17651
376,0,17651,2271,20000
377,2271,14756,4852,17651
378,17036,15589,17376,16221
379,17036,16221,17376,16984
380,17376,15589,18375,16221
381,12640,14480,14050,15808
382,12640,15808,14050,17203
383,14050,14480,14666,15808
384,14666,15388,15515,16016
385,14666,16016,15515,16984
386,15515,15388,15910,16016
387,7830,0,9040,1172
388,7830,1172,9040,2155
389,9040,0,10015,1172
390,12111,9660,13051,10576
391,12111,10576,13051,11029
392,13051,9660,13476,10576
393,10015,7324,11140,8790
394,10015,8790,11140,9660
395,11140,7324,12511,8790
396,2271,14756,3195,16475
397,2271,16475,3195,17651
398,3195,14756,4852,16475
399,0,12509,332,13114
400,0,13114,332,13534
401,332,12509,1059,13114
402,18839,9660,19052,10325
403,18839,10325,19052,10679
404,19052,9660,20000,10325
405,0,18932,648,19665
406,0,19665,648,20000
407,648,18932,1088,19665
408,2101,9660,3070,10560
409,2101,10560,3070,11462
410,3070,9660,3525,10560
411,12375,14480,13150,15451
412,12375,15451,13150,16023
413,13150,14480,13881,15451
414,954,17833,1093,18362
415,954,18362,1093,19065
416,1093,17833,2004,18362
417,11326,4448,12012,5012
418,11326,5012,12012,5999
419,12012,4448,12511,5012
420,15050,0,17190,2265
421,15050,2265,17190,4448
422,17190,0,20000,2265
423,11326,4448,11725,5148
424,11326,5148,11725,5999
425,11725,4448,12511,5148
426,10015,7324,10356,8098
427,10015,8098,10356,8790
428,10356,7324,11140,8098
429,12640,14480,13601,15057
430,12640,15057,13601,15808
431,13601,14480,14050,15057
432,15966,14480,16759,15182
433,15966,15182,16759,15488
434,16759,14480,17036,15182
435,10015,9660,10728,11331
436,10015,11331,10728,12318
437,10728,9660,12001,11331
438,10793,17268,11146,17984
439,10793,17984,11146,18696
440,11146,17268,12190,17984
441,4725,9660,5713,10933
442,4725,10933,5713,12717
443,5713,9660,7218,10933
444,10015,17268,11026,18063
445,10015,18063,11026,18462
446,11026,17268,11473,18063
447,15762,14480,16270,15407
448,15762,15407,16270,15935
449,16270,14480,17036,15407
450,10917,12318,11489,13134
451,10917,13134,11489,13431
452,11489,12318,12001,13134
453,0,9660,1285,11367
454,0,11367,1285,12628
455,1285,9660,2651,11367
456,13526,4448,14675,5336
457,13526,5336,14675,6020
458,14675,4448,15050,5336
459,0,12509,743,13597
460,0,13597,743,15083
461,743,12509,2101,13597
462,10015,0,11570,1296
463,10015,1296,11570,2458
464,11570,0,12800,1296
465,0,0,2333,2719
466,0,2719,2333,4655
467,2333,0,5244,2719
468,10892,17268,11350,17612
469,10892,17612,11350,18520
470,11350,17268,12190,17612
471,0,11065,803,12010
472,0,12010,803,12509
473,803,11065,1249,12010
474,12375,16023,13129,16307
475,12375,16307,13129,17183
476,13129,16023,13881,16307
477,5244,0,6507,1230
478,5244,1230,6507,2155
479,6507,0,7830,1230
480,0,9660,4730,14559
481,0,14559,4730,20000
482,4730,9660,10015,14559
483,12511,6251,12880,6683
484,12511,6683,12880,7324
485,12880,6251,13978,6683
486,12375,15440,13317,16167
487,12375,16167,13317,17183
488,13317,15440,13608,16167
489,17036,18829,17956,19538
490,17036,19538,17956,20000
491,17956,18829,18774,19538
492,10892,17268,11890,17844
493,10892,17844,11890,18520
494,11890,17268,12190,17844
495,2101,9660,3399,11230
496,2101,11230,3399,12509
497,3399,9660,4795,11230
498,2651,9660,3630,11479
499,2651,11479,3630,12628
500,3630,9660,4795,11479
501,3630,9660,3891,10793
502,3630,10793,3891,11479
503,3891,9660,4795,10793
504,10015,4448,11083,5758
505,10015,5758,11083,7324
506,11083,4448,12511,5758
507,7218,9660,8820,10913
508,7218,10913,8820,12717
509,8820,9660,10015,10913
510,10015,14480,10627,15469
511,10015,15469,10627,15730
512,10627,14480,11159,15469
513,17040,9660,18567,10559
514,17040,10559,18567,11711
515,18567,9660,20000,10559
516,14666,9660,15582,11172
517,14666,11172,15582,12196
518,15582,9660,17013,11172
519,17013,9660,18292,10152
520,17013,10152,18292,10679
521,18292,9660,18839,10152
522,0,0,5065,5152
523,0,5152,5065,9660
524,5065,0,10015,5152
525,10015,9660,11214,11031
526,10015,11031,11214,11686
527,11214,9660,12111,11031
528,14666,9660,16240,10526
529,14666,10526,16240,11711
530,16240,9660,17040,10526
531,17040,9660,18542,11037
532,17040,11037,18542,11711
533,18542,9660,20000,11037
534,17036,14480,17683,15388
535,17036,15388,17683,16116
536,17683,14480,18423,15388
537,0,17138,1155,18589
538,0,18589,1155,20000
539,1155,17138,2192,18589
540,0,0,1136,1408
541,0,1408,1136,2719
542,1136,0,2333,1408
543,17036,14480,17449,14966
544,17036,14966,17449,16116
545,17449,14480,18423,14966
546,14666,10526,15109,11408
547,14666,11408,15109,11711
548,15109,10526,16240,11408
549,0,12509,1423,13589
550,0,13589,1423,15083
551,1423,12509,2101,13589
552,17040,10557,17985,11007
553,17040,11007,17985,11711
554,17985,10557,18162,11007
555,14666,9660,16097,10774
556,14666,10774,16097,12196
557,16097,9660,17013,10774
558,0,14756,2042,17457
559,0,17457,2042,20000
560,2042,14756,4852,17457
561,10015,4448,12148,6980
562,10015,6980,12148,9660
563,12148,4448,15050,6980
564,10015,17268,11001,18023
565,10015,18023,11001,18462
566,11001,17268,11473,18023
567,0,9660,962,11525
568,0,11525,962,12628
569,962,9660,2651,11525
570,14666,15388,15134,16125
571,14666,16125,15134,16984
572,15134,15388,15910,16125
573,0,12509,910,13086
574,0,13086,910,13534
575,910,12509,1059,13086
576,14666,14480,15182,14791
577,14666,14791,15182,15488
578,15182,14480,15966,14791
579,7830,702,8877,1197
580,7830,1197,8877,2155
581,8877,702,9241,1197
582,10015,5833,10777,6427
583,10015,6427,10777,7324
584,10777,5833,11372,6427
585,10015,16158,10195,16456
586,10015,16456,10195,17183
587,10195,16158,11023,16456
588,17013,9660,18290,10961
589,17013,10961,18290,12196
590,18290,9660,20000,10961
591,871,9660,1091,10770
592,871,10770,1091,11175
593,1091,9660,2101,10770
594,8820,9660,9676,10292
595,8820,10292,9676,10913
596,9676,9660,10015,10292
597,17036,14480,18040,14862
598,17036,14862,18040,15589
599,18040,14480,18375,14862
600,12375,14480,13322,15325
601,12375,15325,13322,16023
602,13322,14480,13881,15325
603,11140,7324,11503,8399
604,11140,8399,11503,8790
605,11503,7324,12511,8399
606,14666,18581,15590,19640
607,14666,19640,15590,20000
608,15590,18581,16155,19640
609,12001,9660,13540,11027
610,12001,11027,13540,12318
611,13540,9660,14666,11027
612,14666,16984,16136,18149
613,14666,18149,16136,20000
614,16136,16984,17036,18149
615,2004,15083,3419,16150
616,2004,16150,3419,17833
617,3419,15083,4795,16150
618,10015,5999,10770,6490
619,10015,6490,10770,7324
620,10770,5999,11326,6490
621,10015,4448,11181,5445
622,10015,5445,11181,6980
623,11181,4448,12148,5445
624,10015,4448,10250,5339
625,10015,5339,10250,5758
626,10250,4448,11083,5339
627,0,9660,2607,11925
628,0,11925,2607,14756
629,2607,9660,4852,11925
630,17013,9660,17656,9854
631,17013,9854,17656,10679
632,17656,9660,18839,9854
633,10015,7324,10292,8117
634,10015,8117,10292,8790
635,10292,7324,11140,8117
636,5244,2155,6654,3514
637,5244,3514,6654,4655
638,6654,2155,7830,3514
639,15050,0,15898,1423
640,15050,1423,15898,2265
641,15898,0,17190,1423
642,10883,17268,11790,17516
643,10883,17516,11790,18348
644,11790,17268,12190,17516
645,10015,5445,10379,6283
646,10015,6283,10379,6980
647,10379,5445,11181,6283
648,10015,12711,10706,13859
649,10015,13859,10706,14480
650,10706,12711,11190,13859
651,0,0,533,754
652,0,754,533,1408
653,533,0,1136,754
654,5244,0,7567,2149
655,5244,2149,7567,4655
656,7567,0,10015,2149
657,2004,16150,2448,17382
658,2004,17382,2448,17833
659,2448,16150,3419,17382
660,10015,16158,10164,16797
661,10015,16797,10164,17183
662,10164,16158,11023,16797
663,17013,9660,18731,10656
664,17013,10656,18731,12196
665,18731,9660,20000,10656
666,12001,9660,13006,10633
667,12001,10633,13006,12318
668,13006,9660,14666,10633
669,14666,10774,15194,11834
670,14666,11834,15194,12196
671,15194,10774,16097,11834
672,10015,9660,12690,11756
673,10015,11756,12690,14480
674,12690,9660,14666,11756
675,7830,0,8621,747
676,7830,747,8621,2155
677,8621,0,10015,747
678,0,18932,674,19858
679,0,19858,674,20000
680,674,18932,1088,19858
681,17013,9660,18025,9848
682,17013,9848,18025,10679
683,18025,9660,18839,9848
684,10015,7324,10781,8155
685,10015,8155,10781,8790
686,10781,7324,11140,8155
687,6507,0,7423,307
688,6507,307,7423,1230
689,7423,0,7830,307
690,864,12509,1487,12926
691,864,12926,1487,13797
692,1487,12509,2101,12926
693,2192,15027,3049,15859
694,2192,15859,3049,16073
695,3049,15027,3822,15859
696,10015,9660,10659,10655
697,10015,10655,10659,12318
698,10659,9660,12001,10655
699,2192,16073,3339,16588
700,2192,16588,3339,17138
701,3339,16073,3822,16588
702,10793,17268,11579,17633
703,10793,17633,11579,18696
704,11579,17268,12190,17633
705,17190,0,18964,767
706,17190,767,18964,2265
707,18964,0,20000,767
708,10015,4448,10908,5434
709,10015,5434,10908,5999
710,10908,4448,11326,5434
711,10015,5758,10373,6293
712,10015,6293,10373,7324
713,10373,5758,11083,6293
714,13476,9660,14251,10574
715,13476,10574,14251,11029
716,14251,9660,14666,10574
717,18542,9660,19560,10102
718,18542,10102,19560,11037
719,19560,9660,20000,10102
720,10015,11686,10817,12157
721,10015,12157,10817,12711
722,10817,11686,11190,12157
723,0,9660,1658,11332
724,0,11332,1658,12628
725,1658,9660,2651,11332
726,10015,18462,11141,19060
727,10015,19060,11141,20000
728,11141,18462,11473,19060
729,15762,14480,16514,15045
730,15762,15045,16514,15935
731,16514,14480,17036,15045
732,0,15157,2416,17880
733,0,17880,2416,20000
734,2416,15157,4725,17880
735,17040,9660,18285,10556
736,17040,10556,18285,11711
737,18285,9660,20000,10556
738,15966,14480,16750,15242
739,15966,15242,16750,15488
740,16750,14480,17036,15242
741,15966,14480,16323,14877
742,15966,14877,16323,15488
743,16323,14480,17036,14877
744,10015,12711,10693,13800
745,10015,13800,10693,14480
746,10693,12711,11190,13800
747,17013,9660,18710,11300
748,17013,11300,18710,12196
749,18710,9660,20000,11300
750,18548,14480,19461,15607
751,18548,15607,19461,16030
752,19461,14480,20000,15607
753,10015,14480,11273,15948
754,10015,15948,11273,17268
755,11273,14480,12190,15948
756,0,9660,770,10365
757,0,10365,770,11367
758,770,9660,1285,10365
759,743,12509,1795,12995
760,743,12995,1795,13597
761,1795,12509,2101,12995
762,10015,18462,10580,19327
763,10015,19327,10580,20000
764,10580,18462,11473,19327
765,10015,14480,11388,15604
766,10015,15604,11388,17183
767,11388,14480,12375,15604
768,18774,16984,19256,17602
769,18774,17602,19256,18829
770,19256,16984,20000,17602
771,10015,5999,10716,6975
772,10015,6975,10716,7324
773,10716,5999,11326,6975
774,10015,0,10508,743
775,10015,743,10508,1296
776,10508,0,11570,743
777,1136,0,1339,1026
778,1136,1026,1339,1408
779,1339,0,2333,1026
780,2004,16150,2981,16996
781,2004,16996,2981,17833
782,2981,16150,3419,16996
783,2101,9660,2583,10707
784,2101,10707,2583,11462
785,2583,9660,3525,10707
786,0,13589,485,14513
787,0,14513,485,15083
788,485,13589,1423,14513
789,1155,17138,2073,18118
790,1155,18118,2073,18589
791,2073,17138,2192,18118
792,12375,15440,12859,15973
793,12375,15973,12859,17183
794,12859,15440,13608,15973
795,0,12509,545,13275
796,0,13275,545,13589
797,545,12509,1423,13275
798,0,14756,1468,16170
799,0,16170,1468,17651
800,1468,14756,2271,16170
801,10015,11695,11232,12931
802,10015,12931,11232,14480
803,11232,11695,12500,12931
804,0,15027,2393,17307
805,0,17307,2393,20000
806,2393,15027,4995,17307
807,12148,4448,13596,5815
808,12148,5815,13596,6980
809,13596,4448,15050,5815
810,1155,17138,1850,17767
811,1155,17767,1850,18589
812,1850,17138,2192,17767
813,12511,4448,13538,5279
814,12511,5279,13538,6251
815,13538,4448,13978,5279
816,10728,9660,11326,10831
817,10728,10831,11326,11331
818,11326,9660,12001,10831
819,0,9660,2295,12468
820,0,12468,2295,14559
821,2295,9660,4730,12468
822,13596,4448,14249,4766
823,13596,4766,14249,5815
824,14249,4448,15050,4766
825,7830,0,8602,844
826,7830,844,8602,1172
827,8602,0,9040,844
828,12001,10633,12882,11683
829,12001,11683,12882,12318
830,12882,10633,13006,11683
831,17040,9660,18368,10314
832,17040,10314,18368,11711
833,18368,9660,20000,10314
834,5244,0,6269,410
835,5244,410,6269,1230
836,6269,0,6507,410
837,17036,14480,17529,15178
838,17036,15178,17529,16030
839,17529,14480,18548,15178
840,14666,18149,15768,19170
841,14666,19170,15768,20000
842,15768,18149,16136,19170
843,10711,17268,11288,17978
844,10711,17978,11288,18719
845,11288,17268,12190,17978
846,18423,14480,19451,15175
847,18423,15175,19451,16116
848,19451,14480,20000,15175
849,13476,9660,13769,10610
850,13476,10610,13769,11029
851,13769,9660,14666,10610
852,0,17457,941,18988
853,0,18988,941,20000
854,941,17457,2042,18988
855,0,17457,971,19109
856,0,19109,971,20000
857,971,17457,2042,19109
858,10015,9660,10704,10867
859,10015,10867,10704,11686
860,10704,9660,12111,10867
861,14666,16984,15248,17943
862,14666,17943,15248,18581
863,15248,16984,16155,17943
864,941,17457,1507,18327
865,941,18327,1507,18988
866,1507,17457,2042,18327
867,12375,14480,13426,15691
868,12375,15691,13426,17183
869,13426,14480,14666,15691
870,14666,10526,15214,10776
871,14666,10776,15214,11711
872,15214,10526,16240,10776
873,2042,14756,3470,15881
874,2042,15881,3470,17457
875,3470,14756,4852,15881
876,11503,7324,11708,8231
877,11503,8231,11708,8399
878,11708,7324,12511,8231
879,18908,14480,19084,15091
880,18908,15091,19084,15649
881,19084,14480,20000,15091
882,4795,9660,7612,12144
883,4795,12144,7612,15083
884,7612,9660,10015,12144
885,10015,9660,11390,10389
886,10015,10389,11390,11756
887,11390,9660,12690,10389
888,0,12509,812,13306
889,0,13306,812,13534
890,812,12509,1059,13306
891,14666,14480,15286,15286
892,14666,15286,15286,15488
893,15286,14480,15966,15286
894,10015,14480,11352,15908
895,10015,15908,11352,17203
896,11352,14480,12640,15908
897,864,12509,1240,13112
898,864,13112,1240,13797
899,1240,12509,2101,13112
900,2101,9660,2630,10353
901,2101,10353,2630,11230
902,2630,9660,3399,10353
903,18423,14480,19172,14920
904,18423,14920,19172,16116
905,19172,14480,20000,14920
906,15621,16984,16087,17937
907,15621,17937,16087,18468
908,16087,16984,17036,17937
909,10015,15948,11007,16849
910,10015,16849,11007,17268
911,11007,15948,11273,16849
912,10015,14480,11001,15893
913,10015,15893,11001,17203
914,11001,14480,12640,15893
915,0,13589,777,13961
916,0,13961,777,15083
917,777,13589,1423,13961
918,2101,11230,3140,11731
919,2101,11731,3140,12509
920,3140,11230,3399,11731
921,2004,16150,2975,17047
922,2004,17047,2975,17833
923,2975,16150,3419,17047
924,14666,9660,15550,11058
925,14666,11058,15550,11711
926,15550,9660,17040,11058
927,0,9660,1008,10689
928,0,10689,1008,11925
929,1008,9660,2607,10689
930,12800,0,13917,1439
931,12800,1439,13917,2458
932,13917,0,15050,1439
933,10015,17268,10911,18269
934,10015,18269,10911,20000
935,10911,17268,12190,18269
936,14666,14480,15713,15557
937,14666,15557,15713,16984
938,15713,14480,17036,15557
939,10015,14480,11130,15549
940,10015,15549,11130,17183
941,11130,14480,12375,15549
942,6654,2155,6892,3058
943,6654,3058,6892,3514
944,6892,2155,7830,3058
945,14666,12196,15903,13668
946,14666,13668,15903,14480
947,15903,12196,17013,13668
948,0,15027,2241,17472
949,0,17472,2241,20000
950,2241,15027,4995,17472
951,10015,14480,10454,15142
952,10015,15142,10454,15549
953,10454,14480,11130,15142
954,10911,17268,11523,17482
955,10911,17482,11523,18269
956,11523,17268,12190,17482
957,10015,7324,11239,8888
958,10015,8888,11239,9660
959,11239,7324,12511,8888
960,14666,15388,15144,16200
961,14666,16200,15144,16984
962,15144,15388,15910,16200
963,2101,9660,2493,10137
964,2101,10137,2493,11230
965,2493,9660,3399,10137
966,10015,14480,10401,15412
967,10015,15412,10401,15908
968,10401,14480,11352,15412
969,12800,1439,13255,2191
970,12800,2191,13255,2458
971,13255,1439,13917,2191
972,0,17138,801,17810
973,0,17810,801,18589
974,801,17138,1155,17810
975,17013,9660,17415,10289
976,17013,10289,17415,10961
977,17415,9660,18290,10289
978,14666,17475,15157,18168
979,14666,18168,15157,18581
980,15157,17475,15702,18168
981,12640,14480,13062,15160
982,12640,15160,13062,15808
983,13062,14480,14050,15160
984,0,15083,2539,17696
985,0,17696,2539,20000
986,2539,15083,4795,17696
987,17013,9660,18028,10598
988,17013,10598,18028,11300
989,18028,9660,18710,10598
990,10015,5758,10905,6576
991,10015,6576,10905,7324
992,10905,5758,11083,6576
993,0,17833,1063,18537
994,0,18537,1063,20000
995,1063,17833,2004,18537
996,0,0,2183,2657
997,0,2657,2183,5152
998,2183,0,5065,2657
999,10015,17268,11060,17987
1000,10015,17987,11060,18462
1001,11060,17268,11473,17987
1002,1059,12509,1413,12919
1003,1059,12919,1413,13534
1004,1413,12509,2101,12919
1005,11023,14480,12041,15437
1006,11023,15437,12041,16158
1007,12041,14480,12375,15437
1008,14666,18581,15475,19303
1009,14666,19303,15475,20000
1010,15475,18581,16155,19303
1011,971,17457,1362,17996
1012,971,17996,1362,19109
1013,1362,17457,2042,17996
1014,10793,17268,11615,18303
1015,10793,18303,11615,18696
1016,11615,17268,12190,18303
1017,12375,14480,13151,15333
1018,12375,15333,13151,15691
1019,13151,14480,13426,15333
1020,0,15157,2594,17377
1021,0,17377,2594,20000
1022,2594,15157,4725,17377
1023,10015,14480,12360,17423
1024,10015,17423,12360,20000
1025,12360,14480,14666,17423
1026,12511,6251,13108,6707
1027,12511,6707,13108,7324
1028,13108,6251,13978,6707
1029,0,0,4728,5069
1030,0,5069,4728,9660
1031,4728,0,10015,5069
1032,4795,9660,6432,10638
1033,4795,10638,6432,12144
1034,6432,9660,7612,10638
1035,17036,15419,18219,16334
1036,17036,16334,18219,16984
1037,18219,15419,18815,16334
1038,10015,5445,10793,5875
1039,10015,5875,10793,6980
1040,10793,5445,11181,5875
1041,0,0,878,1081
1042,0,1081,878,2657
1043,878,0,2183,1081
1044,0,2657,1316,4243
1045,0,4243,1316,5152
1046,1316,2657,2183,4243
1047,2101,11230,2996,11843
1048,2101,11843,2996,12509
1049,2996,11230,3399,11843
1050,12375,15691,12972,16730
1051,12375,16730,12972,17183
1052,12972,15691,13426,16730
1053,10015,11686,10911,12169
1054,10015,12169,10911,12711
1055,10911,11686,11190,12169
1056,15713,14480,16744,15396
1057,15713,15396,16744,15557
1058,16744,14480,17036,15396
1059,12375,14480,13343,15103
1060,12375,15103,13343,16023
1061,13343,14480,13881,15103
1062,14666,18149,15465,19045
1063,14666,19045,15465,19170
1064,15465,18149,15768,19045
1065,0,12468,978,13867
1066,0,13867,978,14559
1067,978,12468,2295,13867
1068,10015,0,12511,2515
1069,10015,2515,12511,4448
1070,12511,0,15050,2515
1071,11503,7324,12290,7813
1072,11503,7813,12290,8399
1073,12290,7324,12511,7813
1074,2004,15083,3526,16696
1075,2004,16696,3526,17833
1076,3526,15083,4795,16696
1077,10911,17268,11847,18056
1078,10911,18056,11847,18269
1079,11847,17268,12190,18056
1080,11503,7324,11864,8032
1081,11503,8032,11864,8399
1082,11864,7324,12511,8032
1083,12511,4448,14007,5900
1084,12511,5900,14007,7324
1085,14007,4448,15050,5900
1086,14666,9660,15986,10899
1087,14666,10899,15986,11711
1088,15986,9660,17040,10899
1089,14666,9660,17204,12276
1090,14666,12276,17204,14480
1091,17204,9660,20000,12276
1092,12375,14480,13449,15487
1093,12375,15487,13449,16023
1094,13449,14480,13881,15487
1095,12375,15691,12514,16280
1096,12375,16280,12514,17183
1097,12514,15691,13426,16280
1098,12111,9660,12885,10425
1099,12111,10425,12885,11029
1100,12885,9660,13476,10425
1101,962,9660,1940,10940
1102,962,10940,1940,11525
1103,1940,9660,2651,10940
1104,14666,10289,15091,11172
1105,14666,11172,15091,11711
1106,15091,10289,16050,11172
1107,0,5069,2386,7419
1108,0,7419,2386,9660
1109,2386,5069,4728,7419
1110,2271,14756,3808,16293
1111,2271,16293,3808,17651
1112,3808,14756,4852,16293
1113,0,0,5238,5041
1114,0,5041,5238,9660
1115,5238,0,10015,5041
1116,18290,9660,19220,10537
1117,18290,10537,19220,10961
1118,19220,9660,20000,10537
1119,14666,9660,15763,9997
1120,14666,9997,15763,10774
1121,15763,9660,16097,9997
1122,0,0,1023,1606
1123,0,1606,1023,2719
1124,1023,0,2333,1606
1125,17036,16984,18195,17859
1126,17036,17859,18195,18829
1127,18195,16984,18774,17859
1128,0,17138,374,18148
1129,0,18148,374,18932
1130,374,17138,1088,18148
1131,10015,0,11559,1037
1132,10015,1037,11559,2515
1133,11559,0,12511,1037
1134,15583,9660,16147,10013
1135,15583,10013,16147,10716
1136,16147,9660,17013,10013
1137,0,9660,934,10799
1138,0,10799,934,11925
1139,934,9660,2607,10799
1140,0,17880,1295,18858
1141,0,18858,1295,20000
1142,1295,17880,2416,18858
1143,15903,12196,16835,12723
1144,15903,12723,16835,13668
1145,16835,12196,17013,12723
1146,12500,9660,13831,10338
1147,12500,10338,13831,11695
1148,13831,9660,14666,10338
1149,10015,0,11467,1398
1150,10015,1398,11467,2515
1151,11467,0,12511,1398
1152,15903,12196,16761,13014
1153,15903,13014,16761,13668
1154,16761,12196,17013,13014
1155,10015,14480,10744,15441
1156,10015,15441,10744,15604
1157,10744,14480,11388,15441
1158,0,4655,2222,7285
1159,0,7285,2222,9660
1160,2222,4655,5244,7285
1161,10015,14480,10858,15592
1162,10015,15592,10858,15948
1163,10858,14480,11273,15592
1164,14666,12196,15451,13395
1165,14666,13395,15451,14480
1166,15451,12196,17013,13395
1167,18375,14480,19314,15343
1168,18375,15343,19314,15589
1169,19314,14480,20000,15343
1170,12800,0,13315,515
1171,12800,515,13315,1439
1172,13315,0,13917,515
1173,0,17138,802,18755
1174,0,18755,802,20000
1175,802,17138,2192,18755
1176,934,9660,1705,10118
1177,934,10118,1705,10799
1178,1705,9660,2607,10118
1179,0,18537,823,19528
1180,0,19528,823,20000
1181,823,18537,1063,19528
1182,12640,14480,13009,15432
1183,12640,15432,13009,15808
1184,13009,14480,14050,15432
1185,10015,14480,10423,14845
1186,10015,14845,10423,15984
1187,10423,14480,11212,14845
1188,941,17457,1101,18159
1189,941,18159,1101,18988
1190,1101,17457,2042,18159
1191,0,9660,2814,12704
1192,0,12704,2814,15027
1193,2814,9660,4995,12704
1194,10892,17268,11717,17687
1195,10892,17687,11717,18520
1196,11717,17268,12190,17687
1197,2004,15083,3606,16807
1198,2004,16807,3606,17833
1199,3606,15083,4795,16807
1200,12375,14480,13694,15488
1201,12375,15488,13694,17183
1202,13694,14480,14666,15488
1203,7218,9660,8820,11152
1204,7218,11152,8820,12717
1205,8820,9660,10015,11152
1206,0,14756,877,15567
1207,0,15567,877,16170
1208,877,14756,1468,15567
1209,10015,4448,10948,4935
1210,10015,4935,10948,5833
1211,10948,4448,11372,4935
1212,934,9660,1454,9917
1213,934,9917,1454,10799
1214,1454,9660,2607,9917
1215,934,9660,1465,10212
1216,934,10212,1465,10799
1217,1465,9660,2607,10212
1218,0,7285,952,8849
1219,0,8849,952,9660
1220,952,7285,2222,8849
1221,10732,12318,11614,13096
1222,10732,13096,11614,13607
1223,11614,12318,12001,13096
1224,13428,4448,14179,4798
1225,13428,4798,14179,5690
1226,14179,4448,15050,4798
1227,0,18537,591,18975
1228,0,18975,591,20000
1229,591,18537,1063,18975
1230,0,17880,1319,18967
1231,0,18967,1319,20000
1232,1319,17880,2416,18967
1233,15762,14480,16294,14891
1234,15762,14891,16294,15935
1235,16294,14480,17036,14891
1236,17040,10314,18058,11127
1237,17040,11127,18058,11711
1238,18058,10314,18368,11127
1239,17040,9660,18154,10695
1240,17040,10695,18154,11711
1241,18154,9660,20000,10695
1242,12001,9660,12953,9915
1243,12001,9915,12953,10803
1244,12953,9660,13224,9915
1245,10892,17268,11835,18185
1246,10892,18185,11835,18520
1247,11835,17268,12190,18185
1248,15583,9660,16276,9996
1249,15583,9996,16276,10716
1250,16276,9660,17013,9996
1251,10015,5833,10702,6532
1252,10015,6532,10702,7324
1253,10702,5833,11372,6532
1254,4725,12717,6184,14151
1255,4725,14151,6184,15157
1256,6184,12717,7218,14151
1257,0,4655,2915,7398
1258,0,7398,2915,9660
1259,2915,4655,5244,7398
1260,0,17457,1333,18384
1261,0,18384,1333,20000
1262,1333,17457,2042,18384
1263,0,9660,736,10502
1264,0,10502,736,10689
1265,736,9660,1008,10502
1266,17040,10557,17904,10859
1267,17040,10859,17904,11711
1268,17904,10557,18162,10859
1269,0,14559,2315,17461
1270,0,17461,2315,20000
1271,2315,14559,4730,17461
1272,10015,15984,10355,16919
1273,10015,16919,10355,17268
1274,10355,15984,11212,16919
1275,10704,9660,11128,10514
1276,10704,10514,11128,10867
1277,11128,9660,12111,10514
1278,12375,14480,12704,15079
1279,12375,15079,12704,15488
1280,12704,14480,13694,15079
1281,2814,9660,4067,10978
1282,2814,10978,4067,12704
1283,4067,9660,4995,10978
1284,0,7398,1577,8735
1285,0,8735,1577,9660
1286,1577,7398,2915,8735
1287,10015,0,10516,649
1288,10015,649,10516,1296
1289,10516,0,11570,649
1290,2004,16807,3068,17237
1291,2004,17237,3068,17833
1292,3068,16807,3606,17237
1293,10015,5758,10922,6420
1294,10015,6420,10922,7324
1295,10922,5758,11083,6420
1296,1577,7398,2551,7977
1297,1577,7977,2551,8735
1298,2551,7398,2915,7977
1299,5244,0,7957,2594
1300,5244,2594,7957,4655
1301,7957,0,10015,2594
1302,2101,11462,3021,12257
1303,2101,12257,3021,12509
1304,3021,11462,3525,12257
1305,14666,15488,15301,16312
1306,14666,16312,15301,16984
1307,15301,15488,15966,16312
1308,14666,9660,15464,10718
1309,14666,10718,15464,12196
1310,15464,9660,17013,10718
1311,14666,15488,15338,16043
1312,14666,16043,15338,16984
1313,15338,15488,15966,16043
1314,0,9660,301,10173
1315,0,10173,301,11065
1316,301,9660,1249,10173
1317,14666,14480,15481,14886
1318,14666,14886,15481,15935
1319,15481,14480,15762,14886
1320,14666,10526,15119,11249
1321,14666,11249,15119,11711
1322,15119,10526,16240,11249
1323,11023,14480,11559,15135
1324,11023,15135,11559,16158
1325,11559,14480,12375,15135
1326,2594,15157,3934,16563
1327,2594,16563,3934,17377
1328,3934,15157,4725,16563
1329,17036,14480,17749,15005
1330,17036,15005,17749,15589
1331,17749,14480,18375,15005
1332,10015,12711,10669,13316
1333,10015,13316,10669,14480
1334,10669,12711,11190,13316
1335,0,14756,987,15980
1336,0,15980,987,17457
1337,987,14756,2042,15980
1338,12148,5815,13085,6680
1339,12148,6680,13085,6980
1340,13085,5815,13596,6680
1341,10015,2515,10926,3323
1342,10015,3323,10926,4448
1343,10926,2515,12511,3323
1344,10015,7324,11065,8286
1345,10015,8286,11065,9660
1346,11065,7324,12511,8286
1347,15762,14480,16178,15042
1348,15762,15042,16178,15935
1349,16178,14480,17036,15042
1350,2393,15027,3800,15843
1351,2393,15843,3800,17307
1352,3800,15027,4995,15843
1353,3526,15083,4182,16270
1354,3526,16270,4182,16696
1355,4182,15083,4795,16270
1356,10015,15984,10893,16405
1357,10015,16405,10893,17268
1358,10893,15984,11212,16405
1359,2393,15027,3644,15990
1360,2393,15990,3644,17307
1361,3644,15027,4995,15990
1362,10015,14480,10934,16106
1363,10015,16106,10934,17423
1364,10934,14480,12360,16106
1365,15986,9660,16481,9979
1366,15986,9979,16481,10899
1367,16481,9660,17040,9979
1368,0,14756,784,15795
1369,0,15795,784,16170
1370,784,14756,1468,15795
1371,0,9660,225,10141
1372,0,10141,225,10689
1373,225,9660,1008,10141
1374,17013,9660,17718,10379
1375,17013,10379,17718,11300
1376,17718,9660,18710,10379
1377,18290,9660,19136,10325
1378,18290,10325,19136,10961
1379,19136,9660,20000,10325
1380,12148,4448,12852,5418
1381,12148,5418,12852,5815
1382,12852,4448,13596,5418
1383,10015,15948,10495,16342
1384,10015,16342,10495,17268
1385,10495,15948,11273,16342
1386,10015,17268,11402,18386
1387,10015,18386,11402,20000
1388,11402,17268,12190,18386
1389,13978,4448,14197,4952
1390,13978,4952,14197,6251
1391,14197,4448,15050,4952
1392,17040,10695,17955,11352
1393,17040,11352,17955,11711
1394,17955,10695,18154,11352
1395,10732,12318,11659,13268
1396,10732,13268,11659,13607
1397,11659,12318,12001,13268
1398,7957,0,9265,1009
1399,7957,1009,9265,2594
1400,9265,0,10015,1009
1401,10015,15604,11087,16786
1402,10015,16786,11087,17183
1403,11087,15604,11388,16786
1404,14666,15388,15535,16360
1405,14666,16360,15535,16984
1406,15535,15388,15910,16360
1407,11232,11695,11860,12307
1408,11232,12307,11860,12931
1409,11860,11695,12500,12307
1410,11140,7324,11770,7870
1411,11140,7870,11770,8790
1412,11770,7324,12511,7870
1413,10917,12318,11832,12661
1414,10917,12661,11832,13431
1415,11832,12318,12001,12661
1416,10015,14480,10536,15354
1417,10015,15354,10536,15948
1418,10536,14480,11273,15354
1419,12001,9660,12940,11272
1420,12001,11272,12940,12318
1421,12940,9660,14666,11272
1422,871,9660,1608,10659
1423,871,10659,1608,11175
1424,1608,9660,2101,10659
1425,0,14559,1507,16260
1426,0,16260,1507,17461
1427,1507,14559,2315,16260
1428,0,17461,1176,18543
1429,0,18543,1176,20000
1430,1176,17461,2315,18543
1431,14666,10289,15693,11149
1432,14666,11149,15693,11711
1433,15693,10289,16050,11149
1434,12500,10338,13322,11148
1435,12500,11148,13322,11695
1436,13322,10338,13831,11148
1437,0,7419,1026,8722
1438,0,8722,1026,9660
1439,1026,7419,2386,8722
1440,0,17696,1452,18688
1441,0,18688,1452,20000
1442,1452,17696,2539,18688
1443,10015,12931,10662,13369
1444,10015,13369,10662,14480
1445,10662,12931,11232,13369
1446,4852,9660,7807,12498
1447,4852,12498,7807,14756
1448,7807,9660,10015,12498
1449,12001,9660,13049,10901
1450,12001,10901,13049,12318
1451,13049,9660,14666,10901
1452,10015,2458,11716,3348
1453,10015,3348,11716,4448
1454,11716,2458,12800,3348
1455,17040,10557,17996,10769
1456,17040,10769,17996,11711
1457,17996,10557,18162,10769
1458,15464,9660,16020,10375
1459,15464,10375,16020,10718
1460,16020,9660,17013,10375
1461,4795,9660,7094,12085
1462,4795,12085,7094,15083
1463,7094,9660,10015,12085
1464,2042,14756,2965,15176
1465,2042,15176,2965,15881
1466,2965,14756,3470,15176
1467,17040,9660,17672,10304
1468,17040,10304,17672,11037
1469,17672,9660,18542,10304
1470,4995,9660,7528,12241
1471,4995,12241,7528,15027
1472,7528,9660,10015,12241
1473,0,12509,740,13771
1474,0,13771,740,15083
1475,740,12509,2101,13771
1476,12511,4448,13272,5474
1477,12511,5474,13272,5900
1478,13272,4448,14007,5474
1479,0,18932,765,19196
1480,0,19196,765,20000
1481,765,18932,1088,19196
1482,0,13589,585,14265
1483,0,14265,585,15083
1484,585,13589,1423,14265
1485,17036,15589,17839,16401
1486,17036,16401,17839,16984
1487,17839,15589,18375,16401
1488,0,7398,1233,8267
1489,0,8267,1233,9660
1490,1233,7398,2915,8267
1491,0,15083,1200,16776
1492,0,16776,1200,17833
1493,1200,15083,2004,16776
1494,12001,9660,12687,10542
1495,12001,10542,12687,10901
1496,12687,9660,13049,10542
1497,2416,15157,3512,16785
1498,2416,16785,3512,17880
1499,3512,15157,4725,16785
1500,12511,4448,13399,6161
1501,12511,6161,13399,7324
1502,13399,4448,15050,6161
1503,10015,15604,10779,16253
1504,10015,16253,10779,17183
1505,10779,15604,11388,16253
1506,1176,17461,1991,17778
1507,1176,17778,1991,18543
1508,1991,17461,2315,17778
1509,17036,14480,17707,15300
1510,17036,15300,17707,15589
1511,17707,14480,18375,15300
1512,0,0,958,1217
1513,0,1217,958,2719
1514,958,0,2333,1217
1515,17013,10656,17522,11684
1516,17013,11684,17522,12196
1517,17522,10656,18731,11684
1518,0,12468,1247,13141
1519,0,13141,1247,14559
1520,1247,12468,2295,13141
1521,17013,10961,17375,11965
1522,17013,11965,17375,12196
1523,17375,10961,18290,11965
1524,14666,11711,16038,13381
1525,14666,13381,16038,14480
1526,16038,11711,17040,13381
1527,3606,15083,4041,16127
1528,3606,16127,4041,16807
1529,4041,15083,4795,16127
1530,12640,14480,13354,15404
1531,12640,15404,13354,15808
1532,13354,14480,14050,15404
1533,0,8267,301,8746
1534,0,8746,301,9660
1535,301,8267,1233,8746
1536,12640,14480,13950,15765
1537,12640,15765,13950,17203
1538,13950,14480,14666,15765
1539,0,14756,849,15918
1540,0,15918,849,17651
1541,849,14756,2271,15918
1542,12148,5815,12994,6304
1543,12148,6304,12994,6980
1544,12994,5815,13596,6304
1545,14666,10774,15598,11362
1546,14666,11362,15598,12196
1547,15598,10774,16097,11362
1548,10015,14480,10363,15201
1549,10015,15201,10363,15604
1550,10363,14480,11388,15201
1551,15050,0,16474,1028
1552,15050,1028,16474,2265
1553,16474,0,17190,1028
1554,0,15157,1559,16237
1555,0,16237,1559,17880
1556,1559,15157,2416,16237
1557,7830,0,8077,582
1558,7830,582,8077,1172
1559,8077,0,9040,582
1560,2004,15083,2406,15525
1561,2004,15525,2406,16696
1562,2406,15083,3526,15525
1563,14666,18149,15192,18647
1564,14666,18647,15192,19170
1565,15192,18149,15768,18647
1566,4995,12241,6362,13274
1567,4995,13274,6362,15027
1568,6362,12241,7528,13274
1569,11352,14480,12206,15210
1570,11352,15210,12206,15908
1571,12206,14480,12640,15210
1572,15050,0,15654,322
1573,15050,322,15654,1028
1574,15654,0,16474,322
1575,10015,0,11473,1170
1576,10015,1170,11473,2458
1577,11473,0,12800,1170
1578,15986,9660,16458,9885
1579,15986,9885,16458,10899
1580,16458,9660,17040,9885
1581,12001,9660,13405,11344
1582,12001,11344,13405,12318
1583,13405,9660,14666,11344
1584,10015,4448,10475,4984
1585,10015,4984,10475,5758
1586,10475,4448,11083,4984
1587,849,14756,1468,15150
1588,849,15150,1468,15918
1589,1468,14756,2271,15150
1590,0,5069,1009,5853
1591,0,5853,1009,7419
1592,1009,5069,2386,5853
1593,17040,10358,18161,11182
1594,17040,11182,18161,11711
1595,18161,10358,18807,11182
1596,14666,14480,16119,16110
1597,14666,16110,16119,16984
1598,16119,14480,17036,16110
1599,10015,0,10499,263
1600,10015,263,10499,1170
1601,10499,0,11473,263
1602,13476,9660,14306,10244
1603,13476,10244,14306,11029
1604,14306,9660,14666,10244
1605,1023,0,1821,510
1606,1023,510,1821,1606
1607,1821,0,2333,510
1608,17013,10679,17849,11268
1609,17013,11268,17849,12196
1610,17849,10679,18839,11268
1611,0,9660,2469,12649
1612,0,12649,2469,15157
1613,2469,9660,4725,12649
1614,15050,2265,16323,3130
1615,15050,3130,16323,4448
1616,16323,2265,17190,3130
1617,12511,4448,13642,5505
1618,12511,5505,13642,6251
1619,13642,4448,13978,5505
1620,17040,9660,18909,10911
1621,17040,10911,18909,11711
1622,18909,9660,20000,10911
1623,0,18794,822,19139
1624,0,19139,822,20000
1625,822,18794,1101,19139
1626,4795,10638,5904,11640
1627,4795,11640,5904,12144
1628,5904,10638,6432,11640
1629,18710,9660,19194,10737
1630,18710,10737,19194,11300
1631,19194,9660,20000,10737
1632,0,14559,1384,15871
1633,0,15871,1384,17461
1634,1384,14559,2315,15871
1635,1577,7398,1858,8006
1636,1577,8006,1858,8735
1637,1858,7398,2915,8006
1638,13978,4448,14903,5378
1639,13978,5378,14903,6251
1640,14903,4448,15050,5378
1641,10015,15604,10310,16239
1642,10015,16239,10310,16786
1643,10310,15604,11087,16239
1644,7830,702,8834,1119
1645,7830,1119,8834,2155
1646,8834,702,9241,1119
1647,12148,4448,13615,5452
1648,12148,5452,13615,6980
1649,13615,4448,15050,5452
1650,10015,16158,10436,17000
1651,10015,17000,10436,17183
1652,10436,16158,11023,17000
1653,15713,14480,16002,14946
1654,15713,14946,16002,15557
1655,16002,14480,17036,14946
1656,4725,14151,5762,14995
1657,4725,14995,5762,15157
1658,5762,14151,6184,14995
1659,0,17138,1053,18483
1660,0,18483,1053,20000
1661,1053,17138,2192,18483
1662,18542,9660,19265,10737
1663,18542,10737,19265,11037
1664,19265,9660,20000,10737
1665,0,13141,768,14122
1666,0,14122,768,14559
1667,768,13141,1247,14122
1668,12375,14480,13519,15551
1669,12375,15551,13519,17183
1670,13519,14480,14666,15551
1671,12511,5900,13095,6951
1672,12511,6951,13095,7324
1673,13095,5900,14007,6951
1674,10015,17268,10959,17888
1675,10015,17888,10959,18386
1676,10959,17268,11402,17888
1677,5244,2155,5774,2955
1678,5244,2955,5774,3514
1679,5774,2155,6654,2955
1680,0,0,1456,1214
1681,0,1214,1456,2657
1682,1456,0,2183,1214
1683,0,4655,1239,5990
1684,0,5990,1239,7285
1685,1239,4655,2222,5990
1686,7807,9660,9276,11205
1687,7807,11205,9276,12498
1688,9276,9660,10015,11205
1689,2393,15843,3130,16224
1690,2393,16224,3130,17307
1691,3130,15843,3800,16224
1692,13978,4448,14194,5373
1693,13978,5373,14194,6251
1694,14194,4448,15050,5373
1695,18423,14480,19144,15338
1696,18423,15338,19144,16116
1697,19144,14480,20000,15338
1698,878,0,1552,923
1699,878,923,1552,1081
1700,1552,0,2183,923
1701,2101,9660,3041,10656
1702,2101,10656,3041,11230
1703,3041,9660,3399,10656
1704,10015,9660,10967,10799
1705,10015,10799,10967,11695
1706,10967,9660,12500,10799
1707,4795,9660,5976,10852
1708,4795,10852,5976,12144
1709,5976,9660,7612,10852
1710,2271,14756,3281,15365
1711,2271,15365,3281,16293
1712,3281,14756,3808,15365
1713,0,15027,2850,17528
1714,0,17528,2850,20000
1715,2850,15027,4995,17528
1716,15050,1028,15369,1657
1717,15050,1657,15369,2265
1718,15369,1028,16474,1657
1719,5244,2155,6664,3193
1720,5244,3193,6664,4655
1721,6664,2155,7830,3193
1722,5244,0,6814,974
1723,5244,974,6814,2155
1724,6814,0,7830,974
1725,15050,2265,16516,3424
1726,15050,3424,16516,4448
1727,16516,2265,17190,3424
1728,10883,17268,11739,17731
1729,10883,17731,11739,18348
1730,11739,17268,12190,17731
1731,7567,0,9144,946
1732,7567,946,9144,2149
1733,9144,0,10015,946
1734,4995,13274,5651,13916
1735,4995,13916,5651,15027
1736,5651,13274,6362,13916
1737,2042,15881,2630,16955
1738,2042,16955,2630,17457
1739,2630,15881,3470,16955
1740,10015,9660,11567,10488
1741,10015,10488,11567,11695
1742,11567,9660,12500,10488
1743,18839,9660,19174,10416
1744,18839,10416,19174,10679
1745,19174,9660,20000,10416
1746,10015,4448,11020,5580
1747,10015,5580,11020,7324
1748,11020,4448,12511,5580
1749,2271,14756,3661,16105
1750,2271,16105,3661,17651
1751,3661,14756,4852,16105
1752,10015,5999,10433,7035
1753,10015,7035,10433,7324
1754,10433,5999,11326,7035
1755,15666,11711,16025,12895
1756,15666,12895,16025,13303
1757,16025,11711,17040,12895
1758,4852,9660,7123,11808
1759,4852,11808,7123,14756
1760,7123,9660,10015,11808
1761,0,12628,1542,13670
1762,0,13670,1542,15083
1763,1542,12628,2651,13670
1764,3419,15083,3993,15275
1765,3419,15275,3993,16150
1766,3993,15083,4795,15275
1767,10917,12318,11079,12965
1768,10917,12965,11079,13431
1769,11079,12318,12001,12965
1770,2814,10978,3803,11482
1771,2814,11482,3803,12704
1772,3803,10978,4067,11482
1773,7528,9660,8684,10960
1774,7528,10960,8684,12241
1775,8684,9660,10015,10960
1776,2271,16105,2686,16962
1777,2271,16962,2686,17651
1778,2686,16105,3661,16962
1779,16025,11711,16718,12650
1780,16025,12650,16718,12895
1781,16718,11711,17040,12650
1782,12511,4448,13406,5946
1783,12511,5946,13406,7324
1784,13406,4448,15050,5946
1785,10015,12931,10964,13884
1786,10015,13884,10964,14480
1787,10964,12931,11232,13884
1788,3630,9660,4487,10591
1789,3630,10591,4487,11479
1790,4487,9660,4795,10591
1791,0,9660,2332,12012
1792,0,12012,2332,15083
1793,2332,9660,4795,12012
1794,2004,15083,2616,15552
1795,2004,15552,2616,16696
1796,2616,15083,3526,15552
1797,5976,9660,6859,10454
1798,5976,10454,6859,10852
1799,6859,9660,7612,10454
1800,2594,15157,3645,16331
1801,2594,16331,3645,17377
1802,3645,15157,4725,16331
1803,10917,12318,11091,12915
1804,10917,12915,11091,13431
1805,11091,12318,12001,12915
1806,0,11332,512,11644
1807,0,11644,512,12628
1808,512,11332,1658,11644
1809,2271,14756,2922,15281
1810,2271,15281,2922,16105
1811,2922,14756,3661,15281
1812,10015,14480,11019,15679
1813,10015,15679,11019,17423
1814,11019,14480,12360,15679
1815,0,14559,991,15863
1816,0,15863,991,17461
1817,991,14559,2315,15863
1818,878,0,1187,216
1819,878,216,1187,1081
1820,1187,0,2183,216
1821,12001,9660,12669,10128
1822,12001,10128,12669,10803
1823,12669,9660,13224,10128
1824,1155,17138,1940,17703
1825,1155,17703,1940,18589
1826,1940,17138,2192,17703
1827,2241,15027,3920,15984
1828,2241,15984,3920,17472
1829,3920,15027,4995,15984
1830,17040,10559,17817,11313
1831,17040,11313,17817,11711
1832,17817,10559,18567,11313
1833,17040,10314,17975,10714
1834,17040,10714,17975,11711
1835,17975,10314,18368,10714
1836,2241,15027,3987,16059
1837,2241,16059,3987,17472
1838,3987,15027,4995,16059
1839,14666,12276,15681,13691
1840,14666,13691,15681,14480
1841,15681,12276,17204,13691
1842,17013,10656,18060,11402
1843,17013,11402,18060,12196
1844,18060,10656,18731,11402
1845,2469,9660,3270,11542
1846,2469,11542,3270,12649
1847,3270,9660,4725,11542
1848,12148,4448,13533,5717
1849,12148,5717,13533,6980
1850,13533,4448,15050,5717
1851,0,9660,2418,12448
1852,0,12448,2418,15027
1853,2418,9660,4995,12448
1854,17036,16984,17737,17753
1855,17036,17753,17737,18829
1856,17737,16984,18774,17753
1857,14666,11711,15589,12587
1858,14666,12587,15589,13381
1859,15589,11711,16038,12587
1860,12111,9660,13468,10294
1861,12111,10294,13468,11686
1862,13468,9660,14666,10294
1863,934,9660,1405,10330
1864,934,10330,1405,10799
1865,1405,9660,2607,10330
1866,10015,14480,11291,15968
1867,10015,15968,11291,17183
1868,11291,14480,12375,15968
1869,0,12448,1132,13695
1870,0,13695,1132,15027
1871,1132,12448,2418,13695
1872,2192,16841,3360,17138
1873,3360,16073,3822,16841
1874,0,14756,2295,17469
1875,0,17469,2295,20000
1876,2295,14756,4852,17469
1877,2393,15843,2841,16498
1878,2393,16498,2841,17307
1879,2841,15843,3800,16498
1880,0,4655,356,5260
1881,0,5260,356,5990
1882,356,4655,1239,5260
1883,15713,14480,16628,14651
1884,15713,14651,16628,15557
1885,16628,14480,17036,14651
1886,10015,14480,10426,15170
1887,10015,15170,10426,15968
1888,10426,14480,11291,15170
1889,17036,14480,18757,15929
1890,17036,15929,18757,16984
1891,18757,14480,20000,15929
1892,2271,16105,3147,16693
1893,2271,16693,3147,17651
1894,3147,16105,3661,16693
1895,14666,9660,15554,10231
1896,14666,10231,15554,10899
1897,15554,9660,15986,10231
1898,17190,767,18104,1466
1899,17190,1466,18104,2265
1900,18104,767,18964,1466
1901,15050,2265,15747,3023
1902,15050,3023,15747,3424
1903,15747,2265,16516,3023
1904,12511,0,13455,1570
1905,12511,1570,13455,2515
1906,13455,0,15050,1570
1907,0,12628,718,12960
1908,0,12960,718,13670
1909,718,12628,1542,12960
1910,4852,9660,5789,10701
1911,4852,10701,5789,11808
1912,5789,9660,7123,10701
1913,10015,15730,10402,16538
1914,10015,16538,10402,17268
1915,10402,15730,11159,16538
1916,8684,9660,9143,10405
1917,8684,10405,9143,10960
1918,9143,9660,10015,10405
1919,10015,17183,10805,18371
1920,10015,18371,10805,20000
1921,10805,17183,12375,18371
1922,12690,9660,13371,10374
1923,12690,10374,13371,11756
1924,13371,9660,14666,10374
1925,15681,12276,16410,13115
1926,15681,13115,16410,13691
1927,16410,12276,17204,13115
1928,12375,16023,12802,16244
1929,12375,16244,12802,17183
1930,12802,16023,13881,16244
1931,12001,10901,12199,11350
1932,12001,11350,12199,12318
1933,12199,10901,13049,11350
1934,7830,0,9210,682
1935,7830,682,9210,2155
1936,9210,0,10015,682
1937,17013,10961,17808,11687
1938,17013,11687,17808,12196
1939,17808,10961,18290,11687
1940,12148,4448,12671,5067
1941,12148,5067,12671,5452
1942,12671,4448,13615,5067
1943,10015,15604,10460,16286
1944,10015,16286,10460,17183
1945,10460,15604,11388,16286
1946,0,14559,602,15431
1947,0,15431,602,16260
1948,602,14559,1507,15431
1949,0,13670,729,14103
1950,0,14103,729,15083
1951,729,13670,1542,14103
1952,0,12628,1157,12971
1953,0,12971,1157,13670
1954,1157,12628,1542,12971
1955,2271,16105,2657,16608
1956,2271,16608,2657,17651
1957,2657,16105,3661,16608
1958,2416,15157,3098,15928
1959,2416,15928,3098,16785
1960,3098,15157,3512,15928
1961,4725,12717,6068,13685
1962,4725,13685,6068,15157
1963,6068,12717,7218,13685
1964,2295,9660,3831,11051
1965,2295,11051,3831,12468
1966,3831,9660,4730,11051
1967,0,15157,1434,16228
1968,0,16228,1434,17880
1969,1434,15157,2416,16228
1970,10015,15908,11026,16507
1971,10015,16507,11026,17203
1972,11026,15908,11352,16507
1973,0,5853,243,6480
1974,0,6480,243,7419
1975,243,5853,1009,6480
1976,2814,9660,3773,11362
1977,2814,11362,3773,12704
1978,3773,9660,4995,11362
1979,12001,10901,12694,11506
1980,12001,11506,12694,12318
1981,12694,10901,13049,11506
1982,12640,15808,13689,16597
1983,12640,16597,13689,17203
1984,13689,15808,14050,16597
1985,10015,0,12450,2571
1986,10015,2571,12450,4448
1987,12450,0,15050,2571
1988,0,14559,1413,16225
1989,0,16225,1413,17461
1990,1413,14559,2315,16225
1991,12375,14480,12689,15379
1992,12375,15379,12689,15487
1993,12689,14480,13449,15379
1994,0,5069,1023,5917
1995,0,5917,1023,7419
1996,1023,5069,2386,5917
1997,0,18967,1018,19865
1998,0,19865,1018,20000
1999,1018,18967,1319,19865
2000,2607,9660,3699,10420
2001,2607,10420,3699,11925
2002,3699,9660,4852,10420
2003,0,17880,504,18468
2004,0,18468,504,18967
2005,504,17880,1319,18468
2006,2393,15990,2797,16622
2007,2393,16622,2797,17307
2008,2797,15990,3644,16622
2009,14007,4448,14583,4798
2010,14007,4798,14583,5900
2011,14583,4448,15050,4798
2012,11083,4448,11770,5319
2013,11083,5319,11770,5758
2014,11770,4448,12511,5319
2015,10015,14480,10621,15542
2016,10015,15542,10621,15968
2017,10621,14480,11291,15542
2018,0,17138,758,18349
2019,0,18349,758,20000
2020,758,17138,2192,18349
2021,7830,702,8431,1285
2022,7830,1285,8431,2155
2023,8431,702,9241,1285
2024,8820,9660,9454,10594
2025,8820,10594,9454,11152
2026,9454,9660,10015,10594
2027,0,12448,495,13181
2028,0,13181,495,13695
2029,495,12448,1132,13181
2030,17036,16984,18011,17540
2031,17036,17540,18011,18829
2032,18011,16984,18774,17540
2033,10015,15679,10587,16689
2034,10015,16689,10587,17423
2035,10587,15679,11019,16689
2036,17040,10314,17613,10672
2037,17040,10672,17613,11711
2038,17613,10314,18368,10672
2039,3419,15083,3891,15834
2040,3419,15834,3891,16150
2041,3891,15083,4795,15834
2042,0,15157,393,15379
2043,0,15379,393,16237
2044,393,15157,1559,15379
2045,0,5152,2692,7040
2046,0,7040,2692,9660
2047,2692,5152,5065,7040
2048,0,18483,400,18942
2049,0,18942,400,20000
2050,400,18483,1053,18942
2051,4995,13274,5836,14275
2052,4995,14275,5836,15027
2053,5836,13274,6362,14275
2054,0,17461,622,18151
2055,0,18151,622,18543
2056,622,17461,1176,18151
2057,14666,16984,15023,17377
2058,14666,17377,15023,18253
2059,15023,16984,16083,17377
2060,0,12509,233,12800
2061,0,12800,233,13534
2062,233,12509,1059,12800
2063,2651,9660,3323,10903
2064,2651,10903,3323,12628
2065,3323,9660,4795,10903
2066,0,14559,1093,16336
2067,0,16336,1093,17461
2068,1093,14559,2315,16336
2069,2241,15984,3188,16877
2070,2241,16877,3188,17472
2071,3188,15984,3920,16877
2072,14666,12276,15852,13585
2073,14666,13585,15852,14480
2074,15852,12276,17204,13585
2075,0,15157,609,15753
2076,0,15753,609,16228
2077,609,15157,1434,15753
2078,4728,0,7421,2354
2079,4728,2354,7421,5069
2080,7421,0,10015,2354
2081,17036,14480,17899,14992
2082,17036,14992,17899,16116
2083,17899,14480,18423,14992
2084,0,15083,1234,16547
2085,0,16547,1234,17696
2086,1234,15083,2539,16547
2087,0,9660,876,11328
2088,0,11328,876,12468
2089,876,9660,2295,11328
2090,10934,14480,11788,15548
2091,10934,15548,11788,16106
2092,11788,14480,12360,15548
2093,10015,9660,10773,10928
2094,10015,10928,10773,11686
2095,10773,9660,12111,10928
2096,0,1214,875,2291
2097,0,2291,875,2657
2098,875,1214,1456,2291
2099,5244,0,6362,1132
2100,5244,1132,6362,2155
2101,6362,0,7830,1132
2102,4795,12144,6429,13328
2103,4795,13328,6429,15083
2104,6429,12144,7612,13328
2105,0,14559,1045,15334
2106,0,15334,1045,15871
2107,1045,14559,1384,15334
2108,0,9660,1807,11151
2109,0,11151,1807,12704
2110,1807,9660,2814,11151
2111,3512,15157,4472,15832
2112,3512,15832,4472,16785
2113,4472,15157,4725,15832
2114,0,18589,569,19088
2115,0,19088,569,20000
2116,569,18589,1155,19088
2117,10015,4448,11184,5714
2118,10015,5714,11184,6980
2119,11184,4448,12148,5714
2120,0,2657,1104,4007
2121,0,4007,1104,5152
2122,1104,2657,2183,4007
2123,0,18932,283,19533
2124,0,19533,283,20000
2125,283,18932,1088,19533
2126,934,9660,1824,10514
2127,934,10514,1824,10799
2128,1824,9660,2607,10514
2129,10015,5833,10943,6577
2130,10015,6577,10943,7324
2131,10943,5833,11372,6577
2132,12375,15551,13173,16471
2133,12375,16471,13173,17183
2134,13173,15551,13519,16471
2135,14666,12276,15482,12725
2136,14666,12725,15482,13585
2137,15482,12276,15852,12725
2138,2101,9660,3070,10468
2139,2101,10468,3070,11462
2140,3070,9660,3525,10468
2141,0,7398,1642,8839
2142,0,8839,1642,9660
2143,1642,7398,2915,8839
2144,17190,0,18904,757
2145,17190,757,18904,2265
2146,18904,0,20000,757
2147,14666,14480,15478,15495
2148,14666,15495,15478,15935
2149,15478,14480,15762,15495
2150,10711,17268,11098,18038
2151,10711,18038,11098,18719
2152,11098,17268,12190,18038
2153,10015,2571,10936,3215
2154,10015,3215,10936,4448
2155,10936,2571,12450,3215
2156,10015,8286,10623,9327
2157,10015,9327,10623,9660
2158,10623,8286,11065,9327
2159,14666,9660,15042,10494
2160,14666,10494,15042,10899
2161,15042,9660,15986,10494
2162,12640,14480,13269,14780
2163,12640,14780,13269,15808
2164,13269,14480,14050,14780
2165,10015,0,11435,1421
2166,10015,1421,11435,2515
2167,11435,0,12511,1421
2168,17036,14480,17519,15435
2169,17036,15435,17519,15929
2170,17519,14480,18757,15435
2171,18757,14480,19684,15145
2172,18757,15145,19684,15929
2173,19684,14480,20000,15145
2174,10805,17183,11824,17652
2175,10805,17652,11824,18371
2176,11824,17183,12375,17652
2177,0,9660,547,10708
2178,0,10708,547,11332
2179,547,9660,1658,10708
2180,12375,16023,13103,16427
2181,12375,16427,13103,17183
2182,13103,16023,13881,16427
2183,10015,5714,10395,6118
2184,10015,6118,10395,6980
2185,10395,5714,11184,6118
2186,6654,2155,7602,3076
2187,6654,3076,7602,3514
2188,7602,2155,7830,3076
2189,3270,9660,3778,10979
2190,3270,10979,3778,11542
2191,3778,9660,4725,10979
2192,3808,14756,4417,15681
2193,3808,15681,4417,16293
2194,4417,14756,4852,15681
2195,10015,18462,11043,18834
2196,10015,18834,11043,20000
2197,11043,18462,11473,18834
2198,12500,9660,13462,10616
2199,12500,10616,13462,11695
2200,13462,9660,14666,10616
2201,10015,0,10350,980
2202,10015,980,10350,1398
2203,10350,0,11467,980
2204,2241,15984,2805,16753
2205,2241,16753,2805,17472
2206,2805,15984,3920,16753
2207,18710,9660,19430,10823
2208,18710,10823,19430,11300
2209,19430,9660,20000,10823
2210,10015,2458,11126,3580
2211,10015,3580,11126,4448
2212,11126,2458,12800,3580
2213,10015,15604,10325,16208
2214,10015,16208,10325,16786
2215,10325,15604,11087,16208
2216,10015,17268,10823,18053
2217,10015,18053,10823,18462
2218,10823,17268,11473,18053
2219,10015,14480,10605,15059
2220,10015,15059,10605,16158
2221,10605,14480,11023,15059
2222,10015,3348,10870,4103
2223,10015,4103,10870,4448
2224,10870,3348,11716,4103
2225,10015,9660,11370,11089
2226,10015,11089,11370,11756
2227,11370,9660,12690,11089
2228,14666,18253,15587,19148
2229,14666,19148,15587,20000
2230,15587,18253,16083,19148
2231,758,17138,1657,17595
2232,758,17595,1657,18349
2233,1657,17138,2192,17595
2234,0,5041,3010,7343
2235,0,7343,3010,9660
2236,3010,5041,5238,7343
2237,12001,9660,12835,10289
2238,12001,10289,12835,10803
2239,12835,9660,13224,10289
2240,0,9660,1058,10933
2241,0,10933,1058,12649
2242,1058,9660,2469,10933
2243,5244,0,7613,2017
2244,5244,2017,7613,4655
2245,7613,0,10015,2017
2246,17040,10556,18020,10905
2247,17040,10905,18020,11711
2248,18020,10556,18285,10905
2249,17013,10679,17697,11320
2250,17013,11320,17697,12196
2251,17697,10679,18839,11320
2252,10015,4448,11408,5638
2253,10015,5638,11408,6980
2254,11408,4448,12148,5638
2255,0,17696,964,18978
2256,0,18978,964,20000
2257,964,17696,2539,18978
2258,5244,2155,6570,3119
2259,5244,3119,6570,4655
2260,6570,2155,7830,3119
2261,17040,10314,17591,11022
2262,17040,11022,17591,11711
2263,17591,10314,18368,11022
2264,13526,4448,14362,5146
2265,13526,5146,14362,6020
2266,14362,4448,15050,5146
2267,0,15027,2250,17465
2268,0,17465,2250,20000
2269,2250,15027,4995,17465
2270,18757,14480,19243,15520
2271,18757,15520,19243,15929
2272,19243,14480,20000,15520
2273,0,10933,711,11646
2274,0,11646,711,12649
2275,711,10933,1058,11646
2276,0,0,2475,2724
2277,0,2724,2475,4655
2278,2475,0,5244,2724
2279,0,18932,925,19532
2280,0,19532,925,20000
2281,925,18932,1088,19532
2282,10015,2515,11184,3088
2283,10015,3088,11184,4448
2284,11184,2515,12511,3088
2285,1058,9660,1599,10696
2286,1058,10696,1599,10933
2287,1599,9660,2469,10696
2288,10015,0,10419,741
2289,10015,741,10419,1398
2290,10419,0,11467,741
2291,12450,0,13910,1067
2292,12450,1067,13910,2571
2293,13910,0,15050,1067
2294,11467,0,12148,914
2295,11467,914,12148,1398
2296,12148,0,12511,914
2297,952,7285,1671,8402
2298,952,8402,1671,8849
2299,1671,7285,2222,8402
2300,18710,9660,19513,10703
2301,18710,10703,19513,11300
2302,19513,9660,20000,10703
2303,10793,17268,11858,17840
2304,10793,17840,11858,18696
2305,11858,17268,12190,17840
2306,3195,14756,4025,15437
2307,3195,15437,4025,16475
2308,4025,14756,4852,15437
2309,11467,0,11931,942
2310,11467,942,11931,1398
2311,11931,0,12511,942
2312,10015,0,12840,2405
2313,10015,2405,12840,4448
2314,12840,0,15050,2405
2315,14666,11711,15378,12854
2316,14666,12854,15378,13381
2317,15378,11711,16038,12854
2318,5244,2155,6143,2824
2319,5244,2824,6143,3193
2320,6143,2155,6664,2824
2321,934,9660,2116,10339
2322,934,10339,2116,10799
2323,2116,9660,2607,10339
2324,14666,14480,15671,15705
2325,14666,15705,15671,16984
2326,15671,14480,17036,15705
2327,0,4007,189,4895
2328,0,4895,189,5152
2329,189,4007,1104,4895
2330,1577,7398,2423,7818
2331,1577,7818,2423,8735
2332,2423,7398,2915,7818
2333,17040,9660,18136,10655
2334,17040,10655,18136,11037
2335,18136,9660,18542,10655
2336,18375,14480,18810,15050
2337,18375,15050,18810,15589
2338,18810,14480,20000,15050
2339,14666,14480,15292,15122
2340,14666,15122,15292,16110
2341,15292,14480,16119,15122
2342,10015,14480,11018,14748
2343,10015,14748,11018,15604
2344,11018,14480,11388,14748
2345,4852,9660,6196,11413
2346,4852,11413,6196,12498
2347,6196,9660,7807,11413
2348,5244,2594,6296,3816
2349,5244,3816,6296,4655
2350,6296,2594,7957,3816
2351,3661,14756,4541,15070
2352,3661,15070,4541,16105
2353,4541,14756,4852,15070
2354,10015,7324,10927,8399
2355,10015,8399,10927,8888
2356,10927,7324,11239,8399
2357,15451,12196,16228,12761
2358,15451,12761,16228,13395
2359,16228,12196,17013,12761
2360,12111,9660,13007,10576
2361,12111,10576,13007,11029
2362,13007,9660,13476,10576
2363,2594,16331,3207,16970
2364,2594,16970,3207,17377
2365,3207,16331,3645,16970
2366,2416,15157,3257,15697
2367,2416,15697,3257,16785
2368,3257,15157,3512,15697
2369,5244,2155,5573,3162
2370,5244,3162,5573,3514
2371,5573,2155,6654,3162
2372,12800,0,13695,1084
2373,12800,1084,13695,1439
2374,13695,0,13917,1084
2375,12500,10338,13309,11264
2376,12500,11264,13309,11695
2377,13309,10338,13831,11264
2378,5065,0,7476,2223
2379,5065,2223,7476,5152
2380,7476,0,10015,2223
2381,2271,14756,3952,16473
2382,2271,16473,3952,17651
2383,3952,14756,4852,16473
2384,0,15157,922,16036
2385,0,16036,922,16228
2386,922,15157,1434,16036
2387,12001,9660,13095,11019
2388,12001,11019,13095,12318
2389,13095,9660,14666,11019
2390,10015,6980,10708,8078
2391,10015,8078,10708,9660
2392,10708,6980,12148,8078
2393,10015,15679,10582,16486
2394,10015,16486,10582,17423
2395,10582,15679,11019,16486
2396,12640,14480,13246,15514
2397,12640,15514,13246,15808
2398,13246,14480,14050,15514
2399,10015,17183,11306,18647
2400,10015,18647,11306,20000
2401,11306,17183,12375,18647
2402,0,7398,1099,8063
2403,0,8063,1099,8839
2404,1099,7398,1642,8063
2405,2651,9660,3627,11169
2406,2651,11169,3627,12628
2407,3627,9660,4795,11169
2408,0,9660,2166,12424
2409,0,12424,2166,15157
2410,2166,9660,4725,12424
2411,18290,9660,18771,10208
2412,18290,10208,18771,10961
2413,18771,9660,20000,10208
2414,10015,0,14974,4452
2415,10015,4452,14974,9660
2416,14974,0,20000,4452
2417,0,18794,569,19160
2418,0,19160,569,20000
2419,569,18794,1101,19160
2420,10015,0,10721,703
2421,10015,703,10721,1296
2422,10721,0,11570,703
2423,10015,10657,10410,11192
2424,10015,11192,10410,11686
2425,10410,10657,11276,11192
2426,13526,4448,14152,5357
2427,13526,5357,14152,6020
2428,14152,4448,15050,5357
2429,5244,3119,5931,4226
2430,5244,4226,5931,4655
2431,5931,3119,6570,4226
2432,0,0,882,412
2433,0,412,882,1408
2434,882,0,1136,412
2435,11020,4448,11479,5352
2436,11020,5352,11479,5580
2437,11479,4448,12511,5352
2438,0,0,423,648
2439,0,648,423,1606
2440,423,0,1023,648
2441,849,14756,1735,15436
2442,849,15436,1735,15918
2443,1735,14756,2271,15436
2444,10711,17268,11683,17663
2445,10711,17663,11683,18719
2446,14666,9660,17612,11811
2447,14666,11811,17612,14480
2448,17612,9660,20000,11811
2449,740,12509,1033,13006
2450,740,13006,1033,13771
2451,1033,12509,2101,13006
2452,4795,10638,5510,11153
2453,4795,11153,5510,11640
2454,5510,10638,5904,11153
2455,2271,16105,3129,17136
2456,2271,17136,3129,17651
2457,3129,16105,3661,17136
2458,0,18794,753,19719
2459,0,19719,753,20000
2460,753,18794,1101,19719
2461,10015,3348,10809,3559
2462,10015,3559,10809,4448
2463,10809,3348,11716,3559
2464,7218,9660,8138,10591
2465,7218,10591,8138,11152
2466,8138,9660,8820,10591
2467,4730,9660,7189,12010
2468,4730,12010,7189,14559
2469,7189,9660,10015,12010
2470,0,9660,592,10862
2471,0,10862,592,11367
2472,592,9660,1285,10862
2473,10793,17268,11793,17869
2474,10793,17869,11793,18696
2475,11793,17268,12190,17869
2476,12511,4448,13086,4907
2477,12511,4907,13086,5505
2478,13086,4448,13642,4907
2479,4995,12241,6074,12660
2480,4995,12660,6074,13274
2481,6074,12241,6362,12660
2482,10728,9660,11022,10099
2483,10728,10099,11022,11331
2484,11022,9660,12001,10099
2485,18290,9660,19223,10700
2486,18290,10700,19223,10961
2487,19223,9660,20000,10700
2488,12640,14480,12922,15372
2489,12640,15372,12922,15765
2490,12922,14480,13950,15372
2491,0,11367,480,12039
2492,0,12039,480,12628
2493,480,11367,1285,12039
2494,3470,14756,4084,15331
2495,3470,15331,4084,15881
2496,4084,14756,4852,15331
2497,10015,4448,12228,7136
2498,10015,7136,12228,9660
2499,12228,4448,15050,7136
2500,7421,0,9056,1251
2501,7421,1251,9056,2354
2502,9056,0,10015,1251
2503,14007,4448,14638,5535
2504,14007,5535,14638,5900
2505,14638,4448,15050,5535
2506,17040,10559,17509,10805
2507,17040,10805,17509,11711
2508,17509,10559,18567,10805
2509,2295,14756,3223,16006
2510,2295,16006,3223,17469
2511,3223,14756,4852,16006
2512,18710,9660,19295,10848
2513,18710,10848,19295,11300
2514,19295,9660,20000,10848
2515,10015,15968,10272,16863
2516,10015,16863,10272,17183
2517,10272,15968,11291,16863
2518,0,9660,217,9987
2519,0,9987,217,10689
2520,217,9660,1008,9987
2521,3323,9660,3734,10200
2522,3323,10200,3734,10903
2523,3734,9660,4795,10200
2524,13533,4448,13994,5153
2525,13533,5153,13994,5717
2526,13994,4448,15050,5153
2527,12001,10803,12647,11689
2528,12001,11689,12647,12318
2529,12647,10803,13224,11689
2530,0,16237,491,17047
2531,0,17047,491,17880
2532,491,16237,1559,17047
2533,10015,18834,10342,19271
2534,10015,19271,10342,20000
2535,10342,18834,11043,19271
2536,4725,9660,6329,11488
2537,4725,11488,6329,12717
2538,6329,9660,7218,11488
2539,14666,13381,15447,13825
2540,14666,13825,15447,14480
2541,15447,13381,16038,13825
2542,12001,9660,12808,10902
2543,12001,10902,12808,11344
2544,12808,9660,13405,10902
2545,2250,15027,3254,16331
2546,2250,16331,3254,17465
2547,3254,15027,4995,16331
2548,13426,14480,13697,14818
2549,13426,14818,13697,15691
2550,13697,14480,14666,14818
2551,12001,9660,12915,10106
2552,12001,10106,12915,11027
2553,12915,9660,13540,10106
2554,12375,14480,13595,16088
2555,12375,16088,13595,17183
2556,13595,14480,14666,16088
2557,17013,10656,17652,11059
2558,17013,11059,17652,12196
2559,17652,10656,18731,11059
2560,12511,4448,13041,5354
2561,12511,5354,13041,6020
2562,13041,4448,13526,5354
2563,18710,9660,19351,10759
2564,18710,10759,19351,11300
2565,19351,9660,20000,10759
2566,0,9660,310,10204
2567,0,10204,310,11065
2568,310,9660,1249,10204
2569,2271,14756,3401,15991
2570,2271,15991,3401,16473
2571,3401,14756,3952,15991
2572,14666,9660,15964,10908
2573,14666,10908,15964,11811
2574,15964,9660,17612,10908
2575,14666,11711,16110,13163
2576,14666,13163,16110,14480
2577,16110,11711,17040,13163
2578,0,7419,359,8030
2579,0,8030,359,8722
2580,359,7419,1026,8030
2581,10015,9660,11535,10350
2582,10015,10350,11535,11756
2583,11535,9660,12690,10350
2584,1091,9660,1995,10157
2585,1091,10157,1995,10770
2586,1995,9660,2101,10157
2587,0,9660,1003,10491
2588,0,10491,1003,11332
2589,1003,9660,1658,10491
2590,18908,14480,19707,14719
2591,18908,14719,19707,15649
2592,19707,14480,20000,14719
2593,10015,14480,10905,15470
2594,10015,15470,10905,15968
2595,10905,14480,11291,15470
2596,0,9660,1272,11330
2597,0,11330,1272,12468
2598,1272,9660,2295,11330
2599,941,17457,1890,18512
2600,941,18512,1890,18988
2601,1890,17457,2042,18512
2602,10015,2458,11389,3680
2603,10015,3680,11389,4448
2604,11389,2458,12800,3680
2605,3606,15083,4195,16032
2606,3606,16032,4195,16807
2607,4195,15083,4795,16032
2608,0,15083,2704,17540
2609,0,17540,2704,20000
2610,2704,15083,4795,17540
2611,0,16260,451,16641
2612,0,16641,451,17461
2613,451,16260,1507,16641
2614,13533,4448,14314,4819
2615,13533,4819,14314,5717
2616,14314,4448,15050,4819
2617,7421,1251,7946,1730
2618,7421,1730,7946,2354
2619,7946,1251,9056,1730
2620,4852,9660,7616,11952
2621,4852,11952,7616,14756
2622,7616,9660,10015,11952
2623,0,17377,1641,18699
2624,0,18699,1641,20000
2625,1641,17377,2594,18699
2626,10708,6980,11178,7385
2627,10708,7385,11178,8078
2628,11178,6980,12148,7385
2629,4725,9660,7644,12630
2630,4725,12630,7644,15157
2631,7644,9660,10015,12630
2632,2607,9660,4087,10418
2633,2607,10418,4087,11925
2634,4087,9660,4852,10418
2635,4730,9660,7674,12155
2636,4730,12155,7674,14559
2637,7674,9660,10015,12155
2638,0,15157,969,15422
2639,0,15422,969,16237
2640,969,15157,1559,15422
2641,0,0,1173,1449
2642,0,1449,1173,2719
2643,1173,0,2333,1449
2644,7830,1119,8435,2035
2645,7830,2035,8435,2155
2646,8435,1119,8834,2035
2647,14666,15388,15308,16232
2648,14666,16232,15308,16984
2649,15308,15388,15910,16232
2650,991,14559,2036,15291
2651,991,15291,2036,15863
2652,2036,14559,2315,15291
2653,0,17472,1273,18430
2654,0,18430,1273,20000
2655,1273,17472,2241,18430
2656,12511,4448,12680,4920
2657,12511,4920,12680,5505
2658,12680,4448,13642,4920
2659,11389,2458,12308,2708
2660,11389,2708,12308,3680
2661,12308,2458,12800,2708
2662,14666,9660,15364,10616
2663,14666,10616,15364,10908
2664,15364,9660,15964,10616
2665,2594,16331,2792,17228
2666,2594,17228,2792,17377
2667,2792,16331,3645,17228
2668,17040,9660,17588,10257
2669,17040,10257,17588,10695
2670,17588,9660,18154,10257
2671,14666,9660,16205,10607
2672,14666,10607,16205,12196
2673,16205,9660,17013,10607
2674,0,4007,587,4618
2675,0,4618,587,5152
2676,587,4007,1104,4618
2677,17036,18829,17813,19556
2678,17036,19556,17813,20000
2679,17813,18829,18774,19556
2680,10015,16158,10519,16848
2681,10015,16848,10519,17183
2682,10519,16158,11023,16848
2683,17013,9660,17955,10433
2684,17013,10433,17955,10961
2685,17955,9660,18290,10433
2686,5244,3193,6261,4132
2687,5244,4132,6261,4655
2688,6261,3193,6664,4132
2689,10015,3088,10547,3740
2690,10015,3740,10547,4448
2691,10547,3088,11184,3740
2692,18542,9660,19046,10286
2693,18542,10286,19046,11037
2694,19046,9660,20000,10286
2695,10015,0,11282,1555
2696,10015,1555,11282,2515
2697,11282,0,12511,1555
2698,12001,9660,12165,10235
2699,12001,10235,12165,11019
2700,12165,9660,13095,10235
2701,0,18589,320,19171
2702,0,19171,320,20000
2703,320,18589,1155,19171
2704,7567,0,8977,792
2705,7567,792,8977,2149
2706,8977,0,10015,792
2707,6507,0,7354,795
2708,6507,795,7354,1230
2709,7354,0,7830,795
2710,0,14559,1474,16068
2711,0,16068,1474,17461
2712,1474,14559,2315,16068
2713,2416,16785,3348,16984
2714,2416,16984,3348,17880
2715,3348,16785,3512,16984
2716,0,12628,1072,13441
2717,0,13441,1072,13670
2718,1072,12628,1542,13441
2719,10015,0,10962,1270
2720,10015,1270,10962,2571
2721,10962,0,12450,1270
2722,0,0,1037,872
2723,0,872,1037,1214
2724,1037,0,1456,872
2725,0,14559,671,15653
2726,0,15653,671,16225
2727,671,14559,1413,15653
2728,12001,10633,12552,11440
2729,12001,11440,12552,12318
2730,12552,10633,13006,11440
2731,10015,7324,11301,8604
2732,10015,8604,11301,9660
2733,11301,7324,12511,8604
2734,5244,2155,6435,3218
2735,5244,3218,6435,4655
2736,6435,2155,7830,3218
2737,0,2719,796,3875
2738,0,3875,796,4655
2739,796,2719,2333,3875
2740,10015,14480,10846,15288
2741,10015,15288,10846,15730
2742,10846,14480,11159,15288
2743,0,7398,617,7943
2744,0,7943,617,8735
2745,617,7398,1577,7943
2746,4728,0,7675,2251
2747,4728,2251,7675,5069
2748,7675,0,10015,2251
2749,17612,9660,18509,11086
2750,17612,11086,18509,11811
2751,18509,9660,20000,11086
2752,3419,15083,4106,15433
2753,3419,15433,4106,16150
2754,4106,15083,4795,15433
2755,10015,5999,10378,7013
2756,10015,7013,10378,7324
2757,10378,5999,11326,7013
2758,5244,2594,5989,2899
2759,5244,2899,5989,3816
2760,5989,2594,6296,2899
2761,6196,9660,7195,10759
2762,6196,10759,7195,11413
2763,7195,9660,7807,10759
2764,2042,14756,3313,15894
2765,2042,15894,3313,17457
2766,3313,14756,4852,15894
2767,10911,17268,11755,18026
2768,10911,18026,11755,18269
2769,11755,17268,12190,18026
2770,11467,0,11677,337
2771,11467,337,11677,1398
2772,11677,0,12511,337
2773,17036,15929,18167,16593
2774,17036,16593,18167,16984
2775,18167,15929,18757,16593
2776,10967,9660,11559,10627
2777,10967,10627,11559,10799
2778,11559,9660,12500,10627
2779,12450,0,13797,899
2780,12450,899,13797,2571
2781,13797,0,15050,899
2782,15050,0,17658,2046
2783,15050,2046,17658,4448
2784,17658,0,20000,2046
2785,5244,0,6409,1069
2786,5244,1069,6409,2594
2787,6409,0,7957,1069
2788,1577,7398,2260,7976
2789,1577,7976,2260,8735
2790,2260,7398,2915,7976
2791,0,18932,846,19636
2792,0,19636,846,20000
2793,846,18932,1088,19636
2794,4852,9660,5959,11040
2795,4852,11040,5959,12498
2796,5959,9660,7807,11040
2797,0,0,1087,1205
2798,0,1205,1087,2724
2799,1087,0,2475,1205
2800,2271,14756,3069,15907
2801,2271,15907,3069,16293
2802,3069,14756,3808,15907
2803,15903,12196,16840,13314
2804,15903,13314,16840,13668
2805,16840,12196,17013,13314
2806,10015,6980,11177,8471
2807,10015,8471,11177,9660
2808,11177,6980,12148,8471
2809,11473,0,12508,841
2810,11473,841,12508,1170
2811,12508,0,12800,841
2812,0,11065,1011,11690
2813,0,11690,1011,12509
2814,1011,11065,1249,11690
2815,2850,15027,4003,16382
2816,2850,16382,4003,17528
2817,4003,15027,4995,16382
2818,2594,15157,3503,15989
2819,2594,15989,3503,16331
2820,3503,15157,3645,15989
2821,4730,9660,5874,10548
2822,4730,10548,5874,12155
2823,5874,9660,7674,10548
2824,17040,9660,17751,9994
2825,17040,9994,17751,10911
2826,17751,9660,18909,9994
2827,10015,5638,10821,6574
2828,10015,6574,10821,6980
2829,10821,5638,11408,6574
2830,11352,14480,11744,15479
2831,11352,15479,11744,15908
2832,11744,14480,12640,15479
2833,0,12649,1429,13698
2834,0,13698,1429,15157
2835,1429,12649,2469,13698
2836,12001,9660,12734,10488
2837,12001,10488,12734,11344
2838,12734,9660,13405,10488
2839,17204,9660,18959,10971
2840,17204,10971,18959,12276
2841,18959,9660,20000,10971
2842,2393,15843,3435,16315
2843,2393,16315,3435,17307
2844,3435,15843,3800,16315
2845,0,10689,638,11558
2846,0,11558,638,11925
2847,638,10689,1008,11558
2848,17204,9660,18460,10507
2849,17204,10507,18460,10971
2850,18460,9660,18959,10507
2851,0,15027,1131,16356
2852,0,16356,1131,17465
2853,1131,15027,2250,16356
2854,0,11151,1049,11713
2855,0,11713,1049,12704
2856,1049,11151,1807,11713
2857,0,15083,708,16441
2858,0,16441,708,17833
2859,708,15083,2004,16441
2860,17190,757,18265,1910
2861,17190,1910,18265,2265
2862,18265,757,18904,1910
2863,0,16225,592,16452
2864,0,16452,592,17461
2865,592,16225,1413,16452
2866,17036,14480,18187,15558
2867,17036,15558,18187,16030
2868,18187,14480,18548,15558
2869,10015,0,11617,1461
2870,10015,1461,11617,2515
2871,11617,0,12511,1461
2872,4852,9660,5771,10028
2873,4852,10028,5771,11040
2874,5771,9660,5959,10028
2875,12111,10294,13016,11110
2876,12111,11110,13016,11686
2877,13016,10294,13468,11110
2878,18509,9660,18880,10605
2879,18509,10605,18880,11086
2880,18880,9660,20000,10605
2881,10015,14480,11062,15869
2882,10015,15869,11062,17183
2883,11062,14480,12375,15869
2884,10015,0,10822,454
2885,10015,454,10822,1555
2886,10822,0,11282,454
2887,7675,0,8942,1280
2888,7675,1280,8942,2251
2889,8942,0,10015,1280
2890,10015,12931,10747,13906
2891,10015,13906,10747,14480
2892,10747,12931,11232,13906
2893,10015,1461,10722,1853
2894,10015,1853,10722,2515
2895,10722,1461,11617,1853
2896,12640,14480,13417,15333
2897,12640,15333,13417,15808
2898,13417,14480,14050,15333
2899,7830,682,8717,1268
2900,7830,1268,8717,2155
2901,8717,682,9210,1268
2902,10015,0,11760,1575
2903,10015,1575,11760,2458
2904,11760,0,12800,1575
2905,8820,9660,9134,10800
2906,8820,10800,9134,11152
2907,9134,9660,10015,10800
2908,18290,9660,19283,10121
2909,18290,10121,19283,10961
2910,19283,9660,20000,10121
2911,802,17138,1370,18215
2912,802,18215,1370,18755
2913,1370,17138,2192,18215
2914,14666,18149,15102,18853
2915,14666,18853,15102,20000
2916,15102,18149,16136,18853
2917,5244,2155,5878,2491
2918,5244,2491,5878,3218
2919,5878,2155,6435,2491
2920,0,15027,652,15544
2921,0,15544,652,16356
2922,652,15027,1131,15544
2923,2418,9660,3575,11213
2924,2418,11213,3575,12448
2925,3575,9660,4995,11213
2926,0,9660,932,10825
2927,0,10825,932,12448
2928,932,9660,2418,10825
2929,2241,15027,2946,15741
2930,2241,15741,2946,16059
2931,2946,15027,3987,15741
2932,8684,9660,9610,10415
2933,8684,10415,9610,10960
2934,9610,9660,10015,10415
2935,18154,9660,19200,9954
2936,18154,9954,19200,10695
2937,19200,9660,20000,9954
2938,10015,14480,10380,15188
2939,10015,15188,10380,15968
2940,10380,14480,11291,15188
2941,11352,14480,12013,15367
2942,11352,15367,12013,15908
2943,12013,14480,12640,15367
2944,2651,9660,3357,11394
2945,2651,11394,3357,12628
2946,3357,9660,4795,11394
2947,0,13698,527,14352
2948,0,14352,527,15157
2949,527,13698,1429,14352
2950,10015,0,11502,1595
2951,10015,1595,11502,2405
2952,11502,0,12840,1595
2953,0,18967,976,19520
2954,0,19520,976,20000
2955,976,18967,1319,19520
2956,13095,9660,13557,10380
2957,13095,10380,13557,11019
2958,13557,9660,14666,10380
2959,3223,14756,3761,15002
2960,3223,15002,3761,16006
2961,3761,14756,4852,15002
2962,15557,16984,16054,17815
2963,15557,17815,16054,18199
2964,16054,16984,17036,17815
2965,2332,9660,3490,10764
2966,2332,10764,3490,12012
2967,3490,9660,4795,10764
2968,0,2724,1420,3529
2969,0,3529,1420,4655
2970,1420,2724,2475,3529
2971,0,15157,1369,16151
2972,0,16151,1369,17377
2973,1369,15157,2594,16151
2974,10015,11686,10537,12331
2975,10015,12331,10537,12711
2976,10537,11686,11190,12331
2977,12640,15765,12906,16724
2978,12640,16724,12906,17203
2979,12906,15765,13950,16724
2980,14666,14480,14971,15088
2981,14666,15088,14971,15705
2982,14971,14480,15671,15088
2983,0,17457,1034,18773
2984,0,18773,1034,20000
2985,1034,17457,2042,18773
2986,14666,9660,15696,10723
2987,14666,10723,15696,11711
2988,15696,9660,17040,10723
2989,10732,12318,11226,13088
2990,10732,13088,11226,13607
2991,11226,12318,12001,13088
2992,12511,4448,12779,5300
2993,12511,5300,12779,5505
2994,12779,4448,13642,5300
2995,11570,0,11924,367
2996,11570,367,11924,1296
2997,11924,0,12800,367
2998,12111,9660,12974,10528
2999,12111,10528,12974,11029
3000,12974,9660,13476,10528
3001,4795,9660,7274,12015
3002,4795,12015,7274,15083
3003,7274,9660,10015,12015
3004,16025,11711,16212,12150
3005,16025,12150,16212,12895
3006,16212,11711,17040,12150
3007,5244,3514,5720,3879
3008,5244,3879,5720,4655
3009,5720,3514,6654,3879
3010,15666,11711,16554,12358
3011,15666,12358,16554,13303
3012,16554,11711,17040,12358
3013,10967,9660,11687,9961
3014,10967,9961,11687,10799
3015,11687,9660,12500,9961
3016,2704,15083,3630,16491
3017,2704,16491,3630,17540
3018,3630,15083,4795,16491
3019,5959,9660,6880,10165
3020,5959,10165,6880,11040
3021,6880,9660,7807,10165
3022,0,7040,1745,8212
3023,0,8212,1745,9660
3024,1745,7040,2692,8212
3025,10015,14480,10902,14958
3026,10015,14958,10902,15679
3027,10902,14480,11019,14958
3028,13615,4448,14658,5060
3029,13615,5060,14658,5452
3030,14658,4448,15050,5060
3031,7528,9660,8531,10691
3032,7528,10691,8531,12241
3033,8531,9660,10015,10691
3034,0,11151,1246,12062
3035,0,12062,1246,12704
3036,1246,11151,1807,12062
3037,964,17696,2008,17949
3038,964,17949,2008,18978
3039,2008,17696,2539,17949
3040,12148,4448,12939,5054
3041,12148,5054,12939,5815
3042,12939,4448,13596,5054
3043,2333,0,3915,1464
3044,2333,1464,3915,2719
3045,3915,0,5244,1464
3046,10015,4448,10983,5335
3047,10015,5335,10983,5999
3048,10983,4448,11326,5335
3049,10015,7136,10754,8424
3050,10015,8424,10754,9660
3051,10754,7136,12228,8424
3052,802,17138,1491,18200
3053,802,18200,1491,18755
3054,1491,17138,2192,18200
3055,10015,17268,10382,17498
3056,10015,17498,10382,18462
3057,10382,17268,11473,17498
3058,2651,9660,4111,11015
3059,2651,11015,4111,12628
3060,4111,9660,4795,11015
3061,12001,10803,12887,11753
3062,12001,11753,12887,12318
3063,12887,10803,13224,11753
3064,0,16260,882,16580
3065,0,16580,882,17461
3066,882,16260,1507,16580
3067,17036,14480,17783,14818
3068,17036,14818,17783,15589
3069,17783,14480,18375,14818
3070,12001,9660,13732,10758
3071,12001,10758,13732,12318
3072,13732,9660,14666,10758
3073,14666,16984,15588,18446
3074,14666,18446,15588,20000
3075,15588,16984,17036,18446
3076,7218,10913,7821,11807
3077,7218,11807,7821,12717
3078,7821,10913,8820,11807
3079,4852,9660,7091,12264
3080,4852,12264,7091,14756
3081,7091,9660,10015,12264
3082,7123,9660,8895,10496
3083,7123,10496,8895,11808
3084,8895,9660,10015,10496
3085,0,5041,1244,6255
3086,0,6255,1244,7343
3087,1244,5041,3010,6255
3088,0,17696,1446,18829
3089,0,18829,1446,20000
3090,1446,17696,2539,18829
3091,7218,9660,8786,10792
3092,7218,10792,8786,12717
3093,8786,9660,10015,10792
3094,0,0,1297,1504
3095,0,1504,1297,2657
3096,1297,0,2183,1504
3097,10015,1461,11204,1958
3098,10015,1958,11204,2515
3099,11204,1461,11617,1958
3100,1091,9660,1993,10002
3101,1091,10002,1993,10770
3102,1993,9660,2101,10002
3103,17036,14480,17990,15245
3104,17036,15245,17990,15589
3105,17990,14480,18375,15245
3106,18548,14480,19006,15292
3107,18548,15292,19006,16030
3108,19006,14480,20000,15292
3109,14666,14480,16191,15924
3110,14666,15924,16191,16984
3111,16191,14480,17036,15924
3112,18909,9660,19794,10252
3113,18909,10252,19794,10911
3114,19794,9660,20000,10252
3115,7644,9660,8636,10883
3116,7644,10883,8636,12630
3117,8636,9660,10015,10883
3118,18290,9660,19510,10376
3119,18290,10376,19510,10961
3120,19510,9660,20000,10376
3121,4725,9660,6548,11339
3122,4725,11339,6548,12630
3123,6548,9660,7644,11339
3124,0,13141,315,13558
3125,0,13558,315,14559
3126,315,13141,1247,13558
3127,978,12468,1609,13495
3128,978,13495,1609,13867
3129,1609,12468,2295,13495
3130,5244,2149,6770,3789
3131,5244,3789,6770,4655
3132,6770,2149,7567,3789
3133,547,9660,963,10270
3134,547,10270,963,10708
3135,963,9660,1658,10270
3136,5244,2155,6633,3383
3137,5244,3383,6633,4655
3138,6633,2155,7830,3383
3139,2042,15881,2726,16996
3140,2042,16996,2726,17457
3141,2726,15881,3470,16996
3142,7830,0,8457,676
3143,7830,676,8457,1172
3144,8457,0,9040,676
3145,1132,12448,1724,13267
3146,1132,13267,1724,13695
3147,1724,12448,2418,13267
3148,7807,9660,9105,10990
3149,7807,10990,9105,12498
3150,9105,9660,10015,10990
3151,7218,9660,8994,11473
3152,7218,11473,8994,12717
3153,8994,9660,10015,11473
3154,0,15083,1028,16480
3155,0,16480,1028,17833
3156,1028,15083,2004,16480
3157,10015,15604,10437,16015
3158,10015,16015,10437,16786
3159,10437,15604,11087,16015
3160,12375,14480,12582,15351
3161,12375,15351,12582,15487
3162,12582,14480,13449,15351
3163,0,5853,305,6447
3164,0,6447,305,7419
3165,305,5853,1009,6447
3166,12001,9660,13326,11008
3167,12001,11008,13326,12318
3168,13326,9660,14666,11008
3169,17522,10656,18172,11408
3170,17522,11408,18172,11684
3171,18172,10656,18731,11408
3172,3645,15157,4222,15479
3173,3645,15479,4222,16331
3174,4222,15157,4725,15479
3175,15050,3130,15396,3463
3176,15050,3463,15396,4448
3177,15396,3130,16323,3463
3178,12450,1067,13049,1717
3179,12450,1717,13049,2571
3180,13049,1067,13910,1717
3181,958,0,1313,697
3182,958,697,1313,1217
3183,1313,0,2333,697
3184,964,17696,1991,18736
3185,964,18736,1991,18978
3186,1991,17696,2539,18736
3187,0,9660,1373,11305
3188,0,11305,1373,12628
3189,1373,9660,2651,11305
3190,0,15157,1059,15938
3191,0,15938,1059,16228
3192,1059,15157,1434,15938
3193,2101,9660,3222,10968
3194,2101,10968,3222,12509
3195,3222,9660,4795,10968
3196,10015,4448,10821,5313
3197,10015,5313,10821,5758
3198,10821,4448,11083,5313
3199,16025,11711,16396,12348
3200,16025,12348,16396,12895
3201,16396,11711,17040,12348
3202,11020,4448,11973,5275
3203,11020,5275,11973,5580
3204,11973,4448,12511,5275
3205,14666,15488,15479,16596
3206,14666,16596,15479,16984
3207,15479,15488,15966,16596
3208,1023,0,1681,1015
3209,1023,1015,1681,1606
3210,1681,0,2333,1015
3211,978,12468,1641,12923
3212,978,12923,1641,13867
3213,1641,12468,2295,12923
3214,934,9660,1673,9892
3215,934,9892,1673,10799
3216,1673,9660,2607,9892
3217,4728,0,5995,1031
3218,4728,1031,5995,2354
3219,5995,0,7421,1031
3220,10015,2515,11055,3136
3221,10015,3136,11055,4448
3222,11055,2515,12511,3136
3223,0,15027,1210,16210
3224,0,16210,1210,17307
3225,1210,15027,2393,16210
3226,0,18537,222,18985
3227,0,18985,222,20000
3228,222,18537,1063,18985
3229,4725,9660,5230,10558
3230,4725,10558,5230,11488
3231,5230,9660,6329,10558
3232,2651,9660,3590,9960
3233,2651,9960,3590,11015
3234,3590,9660,4111,9960
3235,0,8212,1154,8688
3236,0,8688,1154,9660
3237,1154,8212,1745,8688
3238,11352,14480,12359,14922
3239,11352,14922,12359,15908
3240,12359,14480,12640,14922
3241,1058,9660,1372,10020
3242,1058,10020,1372,10933
3243,1372,9660,2469,10020
3244,954,17833,1428,18583
3245,954,18583,1428,19065
3246,1428,17833,2004,18583
3247,3575,9660,4241,10339
3248,3575,10339,4241,11213
3249,4241,9660,4995,10339
3250,0,15157,962,16720
3251,0,16720,962,17880
3252,962,15157,2416,16720
3253,0,5069,1586,5861
3254,0,5861,1586,7419
3255,1586,5069,2386,5861
3256,15696,9660,16129,9924
3257,15696,9924,16129,10723
3258,16129,9660,17040,9924
3259,708,15083,1028,15629
3260,708,15629,1028,16441
3261,1028,15083,2004,15629
3262,0,2657,506,3604
3263,0,3604,506,4007
3264,506,2657,1104,3604
3265,13778,0,14245,1088
3266,13778,1088,14245,1534
3267,14245,0,15050,1088
3268,14666,14480,15048,15137
3269,14666,15137,15048,15557
3270,15048,14480,15713,15137
3271,2042,14756,3068,15116
3272,2042,15116,3068,15894
3273,3068,14756,3313,15116
3274,4795,9660,5921,10632
3275,4795,10632,5921,12085
3276,5921,9660,7094,10632
3277,2004,16150,2568,17259
3278,2004,17259,2568,17833
3279,2568,16150,3419,17259
3280,0,15157,2192,17923
3281,0,17923,2192,20000
3282,2192,15157,4725,17923
3283,4725,9660,7246,12694
3284,4725,12694,7246,15157
3285,7246,9660,10015,12694
3286,0,0,1458,1282
3287,0,1282,1458,2724
3288,1458,0,2475,1282
3289,3915,0,4849,459
3290,3915,459,4849,1464
3291,4849,0,5244,459
3292,0,9660,736,10549
3293,0,10549,736,11367
3294,736,9660,1285,10549
3295,5244,2155,5638,3063
3296,5244,3063,5638,3193
3297,5638,2155,6664,3063
3298,5244,2149,5811,3353
3299,5244,3353,5811,3789
3300,5811,2149,6770,3353
3301,8820,9660,9795,10743
3302,8820,10743,9795,11152
3303,9795,9660,10015,10743
3304,1542,12628,1885,13502
3305,1542,13502,1885,13670
3306,1885,12628,2651,13502
3307,12001,9660,13033,10068
3308,12001,10068,13033,11027
3309,13033,9660,13540,10068
3310,10015,6980,10920,7937
3311,10015,7937,10920,8471
3312,10920,6980,11177,7937
3313,12500,9660,13630,10980
3314,12500,10980,13630,11695
3315,13630,9660,14666,10980
3316,4725,9660,6311,10855
3317,4725,10855,6311,12694
3318,6311,9660,7246,10855
3319,962,9660,1669,10928
3320,962,10928,1669,11525
3321,1669,9660,2651,10928
3322,10015,0,11790,1222
3323,10015,1222,11790,2458
3324,11790,0,12800,1222
3325,0,9660,1218,10825
3326,0,10825,1218,11332
3327,1218,9660,1658,10825
3328,2332,9660,3093,10184
3329,2332,10184,3093,10764
3330,3093,9660,3490,10184
3331,3645,15157,4180,15824
3332,3645,15824,4180,16331
3333,4180,15157,4725,15824
3334,932,9660,1694,10533
3335,932,10533,1694,10825
3336,1694,9660,2418,10533
3337,10015,7324,11620,8181
3338,10015,8181,11620,9660
3339,11620,7324,12511,8181
3340,7612,9660,8611,11127
3341,7612,11127,8611,12144
3342,8611,9660,10015,11127
3343,2222,4655,4111,5983
3344,2222,5983,4111,7285
3345,4111,4655,5244,5983
3346,10015,10488,10550,11055
3347,10015,11055,10550,11695
3348,10550,10488,11567,11055
3349,5976,9660,6474,10340
3350,5976,10340,6474,10852
3351,6474,9660,7612,10340
3352,10015,2458,10940,2794
3353,10015,2794,10940,3580
3354,10940,2458,11126,2794
3355,0,17461,1458,18423
3356,0,18423,1458,20000
3357,1458,17461,2315,18423
3358,10015,4448,10935,5500
3359,10015,5500,10935,6980
3360,10935,4448,12148,5500
3361,15557,16984,16172,17272
3362,15557,17272,16172,18199
3363,16172,16984,17036,17272
3364,5789,9660,6507,10046
3365,5789,10046,6507,10701
3366,6507,9660,7123,10046
3367,0,9660,796,10457
3368,0,10457,796,11367
3369,796,9660,1285,10457
3370,12940,9660,13530,10143
3371,12940,10143,13530,11272
3372,13530,9660,14666,10143
3373,962,15157,1990,15741
3374,962,15741,1990,16720
3375,1990,15157,2416,15741
3376,1023,0,1691,451
3377,1023,451,1691,1606
3378,1691,0,2333,451
3379,14666,16984,15024,17511
3380,14666,17511,15024,18581
3381,15024,16984,16155,17511
3382,4725,13685,5148,14330
3383,4725,14330,5148,15157
3384,5148,13685,6068,14330
3385,13476,9660,14221,9967
3386,13476,9967,14221,11029
3387,14221,9660,14666,9967
3388,547,9660,824,10301
3389,547,10301,824,10708
3390,824,9660,1658,10301
3391,12375,14480,13303,14772
3392,12375,14772,13303,15488
3393,13303,14480,13694,14772
3394,18839,9660,19569,9784
3395,18839,9784,19569,10679
3396,19569,9660,20000,9784
3397,5789,9660,6424,10415
3398,5789,10415,6424,10701
3399,6424,9660,7123,10415
3400,12375,16088,12949,16242
3401,12375,16242,12949,17183
3402,12949,16088,13595,16242
3403,10015,7324,11048,8351
3404,10015,8351,11048,9660
3405,11048,7324,12511,8351
3406,14666,12276,15472,12894
3407,14666,12894,15472,13585
3408,15472,12276,15852,12894
3409,758,17138,1075,17910
3410,758,17910,1075,18349
3411,1075,17138,2192,17910
3412,5244,2149,5991,2779
3413,5244,2779,5991,3789
3414,5991,2149,6770,2779
3415,10015,0,12241,2059
3416,10015,2059,12241,4448
3417,12241,0,15050,2059
3418,11291,14480,11832,15602
3419,11291,15602,11832,15968
3420,11832,14480,12375,15602
3421,2295,14756,3393,16254
3422,2295,16254,3393,17469
3423,3393,14756,4852,16254
3424,0,17540,1376,18561
3425,0,18561,1376,20000
3426,1376,17540,2704,18561
3427,10935,4448,11588,5245
3428,10935,5245,11588,5500
3429,11588,4448,12148,5245
3430,2101,10968,2771,11853
3431,2101,11853,2771,12509
3432,2771,10968,3222,11853
3433,7189,9660,8399,10748
3434,7189,10748,8399,12010
3435,8399,9660,10015,10748
3436,4725,9660,6559,11022
3437,4725,11022,6559,12630
3438,6559,9660,7644,11022
3439,1132,12448,1604,12717
3440,1132,12717,1604,13695
3441,1604,12448,2418,12717
3442,13778,931,14362,1534
3443,14362,0,15050,931
3444,3399,9660,4174,10374
3445,3399,10374,4174,11230
3446,4174,9660,4795,10374
3447,10015,6980,10691,8440
3448,10015,8440,10691,9660
3449,10691,6980,12148,8440
3450,14666,16984,15239,17861
3451,14666,17861,15239,18253
3452,15239,16984,16083,17861
3453,0,15083,752,16116
3454,0,16116,752,16776
3455,752,15083,1200,16116
3456,14007,4448,14249,4981
3457,14007,4981,14249,5900
3458,14249,4448,15050,4981
3459,14666,9660,17417,12227
3460,14666,12227,17417,14480
3461,17417,9660,20000,12227
3462,0,18561,669,19153
3463,0,19153,669,20000
3464,669,18561,1376,19153
3465,10015,14480,10403,14913
3466,10015,14913,10403,15908
3467,10403,14480,11352,14913
3468,0,15157,1429,16838
3469,0,16838,1429,17923
3470,1429,15157,2192,16838
3471,2594,16331,2995,17149
3472,2594,17149,2995,17377
3473,2995,16331,3645,17149
3474,0,7419,810,8179
3475,0,8179,810,9660
3476,810,7419,2386,8179
3477,6196,9660,6827,10485
3478,6196,10485,6827,11413
3479,6827,9660,7807,10485
3480,13917,0,14420,902
3481,13917,902,14420,1439
3482,14420,0,15050,902
3483,4795,10638,5322,11075
3484,4795,11075,5322,12144
3485,5322,10638,6432,11075
3486,0,0,697,975
3487,0,975,697,1606
3488,697,0,1023,975
3489,15681,12276,16782,13122
3490,15681,13122,16782,13691
3491,16782,12276,17204,13122
3492,7616,9660,9046,10774
3493,7616,10774,9046,11952
3494,9046,9660,10015,10774
3495,3222,9660,3759,10146
3496,3222,10146,3759,10968
3497,3759,9660,4795,10146
3498,10015,15604,10362,16127
3499,10015,16127,10362,16786
3500,10362,15604,11087,16127
3501,15050,0,15668,226
3502,15050,226,15668,1028
3503,15668,0,16474,226
3504,14666,17475,14906,17860
3505,14666,17860,14906,18581
3506,14906,17475,15702,17860
3507,11760,0,12670,624
3508,11760,624,12670,1575
3509,12670,0,12800,624
3510,12001,9660,13235,11097
3511,12001,11097,13235,12318
3512,13235,9660,14666,11097
3513,14666,15557,14902,15919
3514,14666,15919,14902,16984
3515,14902,15557,15713,15919
3516,5244,0,7788,2396
3517,5244,2396,7788,4655
3518,7788,0,10015,2396
3519,0,5041,1640,6425
3520,0,6425,1640,7343
3521,1640,5041,3010,6425
3522,10015,12318,11027,13694
3523,10015,13694,11027,14480
3524,11027,12318,12001,13694
3525,1458,0,1611,457
3526,1458,457,1611,1282
3527,1611,0,2475,457
3528,3223,14756,4232,15201
3529,3223,15201,4232,16006
3530,4232,14756,4852,15201
3531,4795,9660,6336,11278
3532,4795,11278,6336,12144
3533,6336,9660,7612,11278
3534,12148,4448,12537,5061
3535,12148,5061,12537,5717
3536,12537,4448,13533,5061
3537,10015,9660,10581,10412
3538,10015,10412,10581,11031
3539,10581,9660,11214,10412
3540,743,12509,1612,13240
3541,743,13240,1612,13597
3542,1612,12509,2101,13240
3543,954,17833,1402,18729
3544,954,18729,1402,19065
3545,1402,17833,2004,18729
3546,12375,15691,12639,16202
3547,12375,16202,12639,17183
3548,12639,15691,13426,16202
3549,4725,9660,6037,11104
3550,4725,11104,6037,12630
3551,6037,9660,7644,11104
3552,2393,15843,3155,16411
3553,2393,16411,3155,17307
3554,3155,15843,3800,16411
3555,8531,9660,9283,10572
3556,8531,10572,9283,10691
3557,9283,9660,10015,10572
3558,3393,14756,4208,15847
3559,3393,15847,4208,16254
3560,4208,14756,4852,15847
3561,1642,7398,2077,7756
3562,1642,7756,2077,8839
3563,2077,7398,2915,7756
3564,15713,14480,16038,14928
3565,15713,14928,16038,15557
3566,16038,14480,17036,14928
3567,11282,0,11908,1134
3568,11282,1134,11908,1555
3569,11908,0,12511,1134
3570,0,15083,774,15960
3571,0,15960,774,16547
3572,774,15083,1234,15960
3573,0,0,2422,2271
3574,0,2271,2422,5041
3575,2422,0,5238,2271
3576,2332,10764,2638,11169
3577,2332,11169,2638,12012
3578,2638,10764,3490,11169
3579,0,0,2666,2546
3580,0,2546,2666,5069
3581,2666,0,4728,2546
3582,14666,9660,15634,10316
3583,14666,10316,15634,10774
3584,15634,9660,16097,10316
3585,10015,14480,11146,15915
3586,10015,15915,11146,17423
3587,11146,14480,12360,15915
3588,10934,14480,11860,15397
3589,10934,15397,11860,16106
3590,11860,14480,12360,15397
3591,5244,2155,5649,2784
3592,5244,2784,5649,3383
3593,5649,2155,6633,2784
3594,10015,4448,11233,5500
3595,10015,5500,11233,7324
3596,11233,4448,12511,5500
3597,5976,9660,6849,9912
3598,5976,9912,6849,10852
3599,6849,9660,7612,9912
3600,2101,11462,2511,12189
3601,2101,12189,2511,12509
3602,2511,11462,3525,12189
3603,14666,16984,15387,17944
3604,14666,17944,15387,18581
3605,15387,16984,16155,17944
3606,4795,9660,5554,10024
3607,4795,10024,5554,10852
3608,5554,9660,5976,10024
3609,7218,10792,8036,11525
3610,7218,11525,8036,12717
3611,8036,10792,8786,11525
3612,1319,17880,1852,18711
3613,1319,18711,1852,18967
3614,1852,17880,2416,18711
3615,2416,15157,3131,15622
3616,2416,15622,3131,16785
3617,3131,15157,3512,15622
3618,4852,11952,5950,13527
3619,4852,13527,5950,14756
3620,5950,11952,7616,13527
3621,13476,9660,13834,10166
3622,13476,10166,13834,11029
3623,13834,9660,14666,10166
3624,4730,9660,5640,10814
3625,4730,10814,5640,12010
3626,5640,9660,7189,10814
3627,11372,4448,12075,5225
3628,11372,5225,12075,5833
3629,12075,4448,12511,5225
3630,0,18423,633,19315
3631,0,19315,633,20000
3632,633,18423,1458,19315
3633,15050,3424,16105,3740
3634,15050,3740,16105,4448
3635,16105,3424,16516,3740
3636,5959,9660,7205,9962
3637,5959,9962,7205,11040
3638,7205,9660,7807,9962
3639,5244,3218,5773,4216
3640,5244,4216,5773,4655
3641,5773,3218,6435,4216
3642,0,11332,1173,11692
3643,0,11692,1173,12628
3644,1173,11332,1658,11692
3645,2915,4655,3903,5856
3646,2915,5856,3903,7398
3647,3903,4655,5244,5856
3648,12500,9660,13348,10523
3649,12500,10523,13348,11695
3650,13348,9660,14666,10523
3651,14666,13381,15302,14059
3652,14666,14059,15302,14480
3653,15302,13381,16038,14059
3654,4852,9660,6233,10991
3655,4852,10991,6233,12264
3656,6233,9660,7091,10991
3657,15903,12196,16851,12852
3658,15903,12852,16851,13668
3659,16851,12196,17013,12852
3660,7830,0,8439,933
3661,7830,933,8439,1172
3662,8439,0,9040,933
3663,0,7398,1219,7882
3664,0,7882,1219,8839
3665,1219,7398,1642,7882
3666,4852,9660,5799,10326
3667,4852,10326,5799,11040
3668,5799,9660,5959,10326
3669,14666,16984,15079,17522
3670,14666,17522,15079,18149
3671,15079,16984,16136,17522
3672,2241,15027,2984,15757
3673,2241,15757,2984,16059
3674,2984,15027,3987,15757
3675,12111,9660,13226,10279
3676,12111,10279,13226,11686
3677,13226,9660,14666,10279
3678,7421,0,7981,761
3679,7421,761,7981,1251
3680,7981,0,9056,761
3681,17013,9660,17869,10241
3682,17013,10241,17869,10679
3683,17869,9660,18839,10241
3684,14666,15488,15525,16453
3685,14666,16453,15525,16984
3686,15525,15488,15966,16453
3687,12690,9660,13566,10390
3688,12690,10390,13566,11756
3689,13566,9660,14666,10390
3690,2042,15881,2415,16423
3691,2042,16423,2415,17457
3692,2415,15881,3470,16423
3693,10015,9660,10959,11100
3694,10015,11100,10959,11756
3695,10959,9660,12690,11100
3696,5244,3193,5761,3683
3697,5244,3683,5761,4655
3698,5761,3193,6664,3683
3699,11467,0,12225,984
3700,11467,984,12225,1398
3701,12225,0,12511,984
3702,4852,12498,6327,13969
3703,4852,13969,6327,14756
3704,6327,12498,7807,13969
3705,7644,9660,9217,10939
3706,7644,10939,9217,12630
3707,9217,9660,10015,10939
3708,1642,7398,2496,8386
3709,1642,8386,2496,8839
3710,2496,7398,2915,8386
3711,0,1408,339,2457
3712,0,2457,339,2719
3713,339,1408,1136,2457
3714,17036,18829,17913,19754
3715,17036,19754,17913,20000
3716,17913,18829,18774,19754
3717,0,8267,471,9182
3718,0,9182,471,9660
3719,471,8267,1233,9182
3720,4852,12498,5542,12879
3721,4852,12879,5542,13969
3722,5542,12498,6327,12879
3723,10015,9660,11059,10044
3724,10015,10044,11059,11089
3725,11059,9660,11370,10044
3726,2594,15157,3774,16176
3727,2594,16176,3774,17377
3728,3774,15157,4725,16176
3729,18154,9660,19449,10276
3730,18154,10276,19449,10695
3731,19449,9660,20000,10276
3732,7567,946,7963,1773
3733,7567,1773,7963,2149
3734,7963,946,9144,1773
3735,2315,14559,3607,16122
3736,2315,16122,3607,17461
3737,3607,14559,4730,16122
3738,10015,14480,10937,15191
3739,10015,15191,10937,15915
3740,10937,14480,11146,15191
3741,0,17696,685,18650
3742,0,18650,685,18829
3743,685,17696,1446,18650
3744,0,5069,2268,7307
3745,0,7307,2268,9660
3746,2268,5069,4728,7307
3747,10015,14480,10802,14946
3748,10015,14946,10802,15984
3749,10802,14480,11212,14946
3750,10015,14480,10269,15166
3751,10015,15166,10269,15984
3752,10269,14480,11212,15166
3753,2416,15157,3347,16098
3754,2416,16098,3347,16785
3755,3347,15157,3512,16098
3756,0,9660,1511,11177
3757,0,11177,1511,12468
3758,1511,9660,2295,11177
3759,0,16260,785,16802
3760,0,16802,785,17461
3761,785,16260,1507,16802
3762,1176,17461,1682,17702
3763,1176,17702,1682,18543
3764,1682,17461,2315,17702
3765,10015,7136,11091,8291
3766,10015,8291,11091,9660
3767,11091,7136,12228,8291
3768,952,7285,1587,7989
3769,952,7989,1587,8849
3770,1587,7285,2222,7989
3771,12511,4448,13150,5514
3772,12511,5514,13150,6251
3773,13150,4448,13978,5514
3774,12228,4448,13934,5560
3775,12228,5560,13934,7136
3776,13934,4448,15050,5560
3777,12511,6251,13472,7158
3778,12511,7158,13472,7324
3779,13472,6251,13978,7158
3780,0,9660,947,10900
3781,0,10900,947,11925
3782,947,9660,2607,10900
3783,7830,702,8250,1343
3784,7830,1343,8250,2155
3785,8250,702,9241,1343
3786,7528,9660,8389,11035
3787,7528,11035,8389,12241
3788,8389,9660,10015,11035
3789,10015,11686,10935,12272
3790,10015,12272,10935,12711
3791,10935,11686,11190,12272
3792,4725,9660,5417,10631
3793,4725,10631,5417,11488
3794,5417,9660,6329,10631
3795,5959,9962,6401,10342
3796,5959,10342,6401,11040
3797,6401,9962,7205,10342
3798,3607,14559,4259,15501
3799,3607,15501,4259,16122
3800,4259,14559,4730,15501
3801,971,17457,1239,18169
3802,971,18169,1239,19109
3803,1239,17457,2042,18169
3804,4728,1031,5529,1448
3805,4728,1448,5529,2354
3806,5529,1031,5995,1448
3807,0,10689,691,11355
3808,0,11355,691,11925
3809,691,10689,1008,11355
3810,691,11355,1008,11925
